1  &  0  0.0007474  1  0.004  0  0.0016502  0  0
2  '  2  0.004  0  0.0013774  0  0.0016502  0  0
3  'kenyan  1  0.002  0  0.0013774  0  0.0016502  0  0
4  're  1  0.002  0  0.0013774  0  0.0016502  0  0
5  's  3  0.005  1  0.004  0  0.0016502  0  0
6  (  9  0.014  0  0.0013774  0  0.0016502  0  0
7  )  9  0.014  0  0.0013774  0  0.0016502  0  0
8  ,  13  0.02  0  0.0013774  1  0.005  0  0
9  .  3  0.005  0  0.0013774  0  0.0016502  0  0
10  1996  1  0.002  0  0.0013774  0  0.0016502  0  0
11  2  1  0.002  0  0.0013774  0  0.0016502  0  0
12  2002  1  0.002  0  0.0013774  0  0.0016502  0  0
13  2010  1  0.002  0  0.0013774  0  0.0016502  0  0
14  2011  1  0.002  0  0.0013774  0  0.0016502  0  0
15  2013  2  0.004  0  0.0013774  0  0.0016502  0  0
16  2014  1  0.002  0  0.0013774  0  0.0016502  0  0
17  2016  1  0.002  0  0.0013774  0  0.0016502  0  0
18  2017  3  0.005  2  0.007  0  0.0016502  0  0
19  2018  0  0.0007474  3  0.01  0  0.0016502  0  0
20  25th  1  0.002  0  0.0013774  0  0.0016502  0  0
21  2min  1  0.002  0  0.0013774  0  0.0016502  0  0
22  3  3  0.005  0  0.0013774  0  0.0016502  0  0
23  34  1  0.002  0  0.0013774  0  0.0016502  0  0
24  37000  1  0.002  0  0.0013774  0  0.0016502  0  0
25  3d  0  0.0007474  1  0.004  0  0.0016502  0  0
26  3x3  1  0.002  0  0.0013774  0  0.0016502  0  0
27  4.15  1  0.002  0  0.0013774  0  0.0016502  0  0
28  50m  1  0.002  0  0.0013774  0  0.0016502  0  0
29  7  1  0.002  0  0.0013774  0  0.0016502  0  0
30  :  6  0.01  18  0.051  8  0.028  0  0
31  ?  7  0.011  17  0.048  0  0.0016502  0  0
32  [  3  0.005  0  0.0013774  0  0.0016502  0  0
33  ]  3  0.005  0  0.0013774  0  0.0016502  0  0
34  a  17  0.026  4  0.012  0  0.0016502  0  0
35  about  1  0.002  0  0.0013774  0  0.0016502  0  0
36  acme  0  0.0007474  0  0.0013774  1  0.005  0  0
37  after  1  0.002  0  0.0013774  0  0.0016502  0  0
38  air  2  0.004  0  0.0013774  0  0.0016502  0  0
39  airborne  1  0.002  0  0.0013774  0  0.0016502  0  0
40  airport  1  0.002  0  0.0013774  0  0.0016502  0  0
41  altco  0  0.0007474  0  0.0013774  1  0.005  0  0
42  amazon  2  0.004  0  0.0013774  0  0.0016502  0  0
43  an  0  0.0007474  1  0.004  0  0.0016502  0  0
44  and  7  0.011  1  0.004  1  0.005  0  0
45  andromeda  1  0.002  0  0.0013774  0  0.0016502  0  0
46  any  0  0.0007474  3  0.01  0  0.0016502  0  0
47  apple  2  0.004  0  0.0013774  0  0.0016502  0  0
48  application  2  0.004  0  0.0013774  0  0.0016502  0  0
49  applying  1  0.002  0  0.0013774  0  0.0016502  0  0
50  apps  1  0.002  1  0.004  0  0.0016502  0  0
51  are  2  0.004  2  0.007  0  0.0016502  0  0
52  arrive  1  0.002  0  0.0013774  0  0.0016502  0  0
53  arsenal  1  0.002  0  0.0013774  0  0.0016502  0  0
54  ash  1  0.002  0  0.0013774  0  0.0016502  0  0
55  ask  0  0.0007474  18  0.051  0  0.0016502  0  0
56  at  1  0.002  1  0.004  0  0.0016502  0  0
57  attack  1  0.002  0  0.0013774  0  0.0016502  0  0
58  attend/organize  0  0.0007474  0  0.0013774  1  0.005  0  0
59  attention  0  0.0007474  1  0.004  0  0.0016502  0  0
60  authorize  1  0.002  0  0.0013774  0  0.0016502  0  0
61  bake  1  0.002  0  0.0013774  0  0.0016502  0  0
62  basic  1  0.002  0  0.0013774  0  0.0016502  0  0
63  battery  1  0.002  0  0.0013774  0  0.0016502  0  0
64  bcn  0  0.0007474  0  0.0013774  1  0.005  0  0
65  be  1  0.002  0  0.0013774  0  0.0016502  0  0
66  beat  1  0.002  0  0.0013774  0  0.0016502  0  0
67  before  0  0.0007474  2  0.007  0  0.0016502  0  0
68  begin  1  0.002  0  0.0013774  0  0.0016502  0  0
69  beijing  1  0.002  0  0.0013774  0  0.0016502  0  0
70  believe  1  0.002  0  0.0013774  0  0.0016502  0  0
71  berlin  0  0.0007474  1  0.004  0  0.0016502  0  0
72  best  1  0.002  0  0.0013774  0  0.0016502  0  0
73  bitcoin–the  1  0.002  0  0.0013774  0  0.0016502  0  0
74  block  1  0.002  0  0.0013774  0  0.0016502  0  0
75  blockchain  1  0.002  0  0.0013774  0  0.0016502  0  0
76  blog  1  0.002  0  0.0013774  1  0.005  0  0
77  blood  2  0.004  0  0.0013774  0  0.0016502  0  0
78  board  1  0.002  0  0.0013774  0  0.0016502  0  0
79  body  1  0.002  0  0.0013774  0  0.0016502  0  0
80  book  1  0.002  1  0.004  0  0.0016502  0  0
81  boom  1  0.002  0  0.0013774  0  0.0016502  0  0
82  bootcamp  1  0.002  0  0.0013774  0  0.0016502  0  0
83  brain  1  0.002  0  0.0013774  0  0.0016502  0  0
84  brand/business  0  0.0007474  1  0.004  0  0.0016502  0  0
85  breaking  1  0.002  0  0.0013774  0  0.0016502  0  0
86  breakthrough  1  0.002  0  0.0013774  0  0.0016502  0  0
87  browser  1  0.002  0  0.0013774  1  0.005  0  0
88  bsp  1  0.002  0  0.0013774  0  0.0016502  0  0
89  by  1  0.002  0  0.0013774  0  0.0016502  0  0
90  c  1  0.002  0  0.0013774  0  0.0016502  0  0
91  cad  0  0.0007474  1  0.004  0  0.0016502  0  0
92  called  1  0.002  0  0.0013774  0  0.0016502  0  0
93  came  1  0.002  0  0.0013774  0  0.0016502  0  0
94  can  3  0.005  1  0.004  0  0.0016502  0  0
95  cap  1  0.002  0  0.0013774  0  0.0016502  0  0
96  capturing  1  0.002  0  0.0013774  0  0.0016502  0  0
97  car  1  0.002  0  0.0013774  0  0.0016502  0  0
98  card  0  0.0007474  0  0.0013774  1  0.005  0  0
99  case  1  0.002  0  0.0013774  0  0.0016502  0  0
100  celebrate  1  0.002  0  0.0013774  0  0.0016502  0  0
101  chain  1  0.002  0  0.0013774  0  0.0016502  0  0
102  change  0  0.0007474  1  0.004  0  0.0016502  0  0
103  chatroom  1  0.002  0  0.0013774  0  0.0016502  0  0
104  china  2  0.004  0  0.0013774  0  0.0016502  0  0
105  chrome  0  0.0007474  0  0.0013774  1  0.005  0  0
106  city  1  0.002  0  0.0013774  0  0.0016502  0  0
107  cixl  1  0.002  0  0.0013774  0  0.0016502  0  0
108  class  1  0.002  0  0.0013774  0  0.0016502  0  0
109  clipper  0  0.0007474  0  0.0013774  1  0.005  0  0
110  clue  1  0.002  0  0.0013774  0  0.0016502  0  0
111  clutch  1  0.002  0  0.0013774  0  0.0016502  0  0
112  coding  1  0.002  0  0.0013774  0  0.0016502  0  0
113  coin  1  0.002  0  0.0013774  0  0.0016502  0  0
114  coinbase  1  0.002  0  0.0013774  0  0.0016502  0  0
115  collage  0  0.0007474  0  0.0013774  1  0.005  0  0
116  collection  1  0.002  0  0.0013774  0  0.0016502  0  0
117  comeback  1  0.002  0  0.0013774  0  0.0016502  0  0
118  community  2  0.004  0  0.0013774  0  0.0016502  0  0
119  complete  1  0.002  0  0.0013774  0  0.0016502  0  0
120  complexity  1  0.002  0  0.0013774  0  0.0016502  0  0
121  compromise  1  0.002  0  0.0013774  0  0.0016502  0  0
122  computer  2  0.004  1  0.004  0  0.0016502  0  0
123  computing  1  0.002  0  0.0013774  0  0.0016502  0  0
124  consulting  0  0.0007474  1  0.004  0  0.0016502  0  0
125  control  0  0.0007474  1  0.004  0  0.0016502  0  0
126  controversial  1  0.002  0  0.0013774  0  0.0016502  0  0
127  conversion  0  0.0007474  0  0.0013774  1  0.005  0  0
128  cook  0  0.0007474  1  0.004  0  0.0016502  0  0
129  copy-on-write  1  0.002  0  0.0013774  0  0.0016502  0  0
130  corporate  1  0.002  0  0.0013774  0  0.0016502  0  0
131  corruption  1  0.002  0  0.0013774  0  0.0016502  0  0
132  could  2  0.004  0  0.0013774  0  0.0016502  0  0
133  create  0  0.0007474  0  0.0013774  1  0.005  0  0
134  crypto  0  0.0007474  0  0.0013774  1  0.005  0  0
135  csv  0  0.0007474  0  0.0013774  1  0.005  0  0
136  culture  1  0.002  0  0.0013774  0  0.0016502  0  0
137  custom  1  0.002  0  0.0013774  0  0.0016502  0  0
138  dapp  1  0.002  0  0.0013774  0  0.0016502  0  0
139  death  1  0.002  0  0.0013774  0  0.0016502  0  0
140  decently  1  0.002  0  0.0013774  0  0.0016502  0  0
141  decentralized  1  0.002  0  0.0013774  0  0.0016502  0  0
142  decision  0  0.0007474  1  0.004  0  0.0016502  0  0
143  degree  0  0.0007474  1  0.004  0  0.0016502  0  0
144  demo  1  0.002  1  0.004  0  0.0016502  0  0
145  deploying  0  0.0007474  1  0.004  0  0.0016502  0  0
146  depth  1  0.002  0  0.0013774  0  0.0016502  0  0
147  development  0  0.0007474  1  0.004  0  0.0016502  0  0
148  device  1  0.002  0  0.0013774  0  0.0016502  0  0
149  did  1  0.002  1  0.004  0  0.0016502  0  0
150  diligence  0  0.0007474  1  0.004  0  0.0016502  0  0
151  discord  1  0.002  0  0.0013774  0  0.0016502  0  0
152  dna  1  0.002  0  0.0013774  0  0.0016502  0  0
153  do  1  0.002  4  0.012  0  0.0016502  0  0
154  doe  1  0.002  0  0.0013774  0  0.0016502  0  0
155  domain  0  0.0007474  1  0.004  0  0.0016502  0  0
156  don’t  2  0.004  0  0.0013774  0  0.0016502  0  0
157  down  1  0.002  0  0.0013774  0  0.0016502  0  0
158  dream  1  0.002  0  0.0013774  0  0.0016502  0  0
159  due  0  0.0007474  1  0.004  0  0.0016502  0  0
160  egg  1  0.002  0  0.0013774  0  0.0016502  0  0
161  elon  1  0.002  0  0.0013774  0  0.0016502  0  0
162  embody  1  0.002  0  0.0013774  0  0.0016502  0  0
163  employer  0  0.0007474  1  0.004  0  0.0016502  0  0
164  encryption  1  0.002  0  0.0013774  0  0.0016502  0  0
165  end  2  0.004  0  0.0013774  0  0.0016502  0  0
166  enjoys  1  0.002  0  0.0013774  0  0.0016502  0  0
167  entity  1  0.002  0  0.0013774  0  0.0016502  0  0
168  entrepreneurial  1  0.002  0  0.0013774  0  0.0016502  0  0
169  ethereum  1  0.002  0  0.0013774  0  0.0016502  0  0
170  etn  0  0.0007474  0  0.0013774  1  0.005  0  0
171  event  0  0.0007474  1  0.004  1  0.005  0  0
172  expansion  1  0.002  0  0.0013774  0  0.0016502  0  0
173  expected  1  0.002  0  0.0013774  0  0.0016502  0  0
174  exploration  1  0.002  0  0.0013774  0  0.0016502  0  0
175  exponential  0  0.0007474  0  0.0013774  1  0.005  0  0
176  express  2  0.004  0  0.0013774  0  0.0016502  0  0
177  facebooks  0  0.0007474  1  0.004  0  0.0016502  0  0
178  fair  1  0.002  0  0.0013774  0  0.0016502  0  0
179  fallacy  1  0.002  0  0.0013774  0  0.0016502  0  0
180  far  1  0.002  0  0.0013774  0  0.0016502  0  0
181  faster  1  0.002  0  0.0013774  0  0.0016502  0  0
182  feature  0  0.0007474  1  0.004  0  0.0016502  0  0
183  field  1  0.002  0  0.0013774  0  0.0016502  0  0
184  fight  1  0.002  0  0.0013774  0  0.0016502  0  0
185  file  0  0.0007474  1  0.004  0  0.0016502  0  0
186  five  1  0.002  0  0.0013774  0  0.0016502  0  0
187  flywheel  1  0.002  0  0.0013774  0  0.0016502  0  0
188  foot  1  0.002  0  0.0013774  0  0.0016502  0  0
189  for  5  0.008  4  0.012  2  0.008  0  0
190  fossil  1  0.002  0  0.0013774  0  0.0016502  0  0
191  found  1  0.002  0  0.0013774  0  0.0016502  0  0
192  foundation  1  0.002  0  0.0013774  0  0.0016502  0  0
193  framework  1  0.002  1  0.004  0  0.0016502  0  0
194  francisco  1  0.002  0  0.0013774  0  0.0016502  0  0
195  friendly  1  0.002  0  0.0013774  0  0.0016502  0  0
196  from  2  0.004  0  0.0013774  0  0.0016502  0  0
197  fry  1  0.002  0  0.0013774  0  0.0016502  0  0
198  function  1  0.002  0  0.0013774  0  0.0016502  0  0
199  garbage  1  0.002  0  0.0013774  0  0.0016502  0  0
200  genetic  1  0.002  0  0.0013774  0  0.0016502  0  0
201  give  1  0.002  0  0.0013774  0  0.0016502  0  0
202  glass  1  0.002  0  0.0013774  0  0.0016502  0  0
203  global  1  0.002  0  0.0013774  0  0.0016502  0  0
204  go  1  0.002  0  0.0013774  0  0.0016502  0  0
205  google  2  0.004  0  0.0013774  0  0.0016502  0  0
206  governance  1  0.002  0  0.0013774  0  0.0016502  0  0
207  ha  1  0.002  0  0.0013774  0  0.0016502  0  0
208  hacker  1  0.002  0  0.0013774  0  0.0016502  0  0
209  hackernews  0  0.0007474  0  0.0013774  1  0.005  0  0
210  happen  1  0.002  0  0.0013774  0  0.0016502  0  0
211  happy  1  0.002  0  0.0013774  0  0.0016502  0  0
212  harassment  1  0.002  0  0.0013774  0  0.0016502  0  0
213  harp  1  0.002  0  0.0013774  0  0.0016502  0  0
214  haul  1  0.002  0  0.0013774  0  0.0016502  0  0
215  here’s  1  0.002  0  0.0013774  0  0.0016502  0  0
216  high  1  0.002  0  0.0013774  0  0.0016502  0  0
217  him  1  0.002  0  0.0013774  0  0.0016502  0  0
218  hn  1  0.002  18  0.051  8  0.028  0  0
219  how  6  0.01  2  0.007  1  0.005  0  0
220  human  1  0.002  0  0.0013774  0  0.0016502  0  0
221  hundred  1  0.002  0  0.0013774  0  0.0016502  0  0
222  i  2  0.004  2  0.007  0  0.0016502  0  0
223  image  1  0.002  0  0.0013774  0  0.0016502  0  0
224  important  1  0.002  0  0.0013774  0  0.0016502  0  0
225  improve  0  0.0007474  1  0.004  0  0.0016502  0  0
226  in  14  0.022  6  0.018  1  0.005  0  0
227  in-browser  0  0.0007474  0  0.0013774  1  0.005  0  0
228  insolvent  1  0.002  0  0.0013774  0  0.0016502  0  0
229  interactive  0  0.0007474  1  0.004  0  0.0016502  0  0
230  interest  1  0.002  0  0.0013774  0  0.0016502  0  0
231  introduction  1  0.002  0  0.0013774  0  0.0016502  0  0
232  ioccc  1  0.002  0  0.0013774  0  0.0016502  0  0
233  iota  1  0.002  1  0.004  0  0.0016502  0  0
234  iran  1  0.002  0  0.0013774  0  0.0016502  0  0
235  is  4  0.007  3  0.01  0  0.0016502  0  0
236  isolation  2  0.004  0  0.0013774  0  0.0016502  0  0
237  isp  1  0.002  0  0.0013774  0  0.0016502  0  0
238  it  3  0.005  1  0.004  0  0.0016502  0  0
239  ivory  1  0.002  0  0.0013774  0  0.0016502  0  0
240  javascript  0  0.0007474  1  0.004  1  0.005  0  0
241  job  2  0.004  0  0.0013774  0  0.0016502  0  0
242  joining  0  0.0007474  1  0.004  0  0.0016502  0  0
243  jong-un  1  0.002  0  0.0013774  0  0.0016502  0  0
244  judging  1  0.002  0  0.0013774  0  0.0016502  0  0
245  jumbo  1  0.002  0  0.0013774  0  0.0016502  0  0
246  kernel  1  0.002  0  0.0013774  0  0.0016502  0  0
247  kim  1  0.002  0  0.0013774  0  0.0016502  0  0
248  korea  1  0.002  0  0.0013774  0  0.0016502  0  0
249  land  1  0.002  0  0.0013774  0  0.0016502  0  0
250  language  2  0.004  0  0.0013774  0  0.0016502  0  0
251  last  0  0.0007474  1  0.004  0  0.0016502  0  0
252  learn  0  0.0007474  2  0.007  1  0.005  0  0
253  learned  1  0.002  0  0.0013774  0  0.0016502  0  0
254  learning  2  0.004  0  0.0013774  0  0.0016502  0  0
255  led  1  0.002  0  0.0013774  0  0.0016502  0  0
256  legal  1  0.002  0  0.0013774  0  0.0016502  0  0
257  let  1  0.002  0  0.0013774  0  0.0016502  0  0
258  level  1  0.002  0  0.0013774  0  0.0016502  0  0
259  lg  1  0.002  0  0.0013774  0  0.0016502  0  0
260  library  1  0.002  0  0.0013774  0  0.0016502  0  0
261  life  1  0.002  0  0.0013774  0  0.0016502  0  0
262  like  1  0.002  0  0.0013774  0  0.0016502  0  0
263  limited  0  0.0007474  1  0.004  0  0.0016502  0  0
264  linus  1  0.002  0  0.0013774  0  0.0016502  0  0
265  linux  2  0.004  0  0.0013774  0  0.0016502  0  0
266  linux/iot  1  0.002  0  0.0013774  0  0.0016502  0  0
267  list  1  0.002  0  0.0013774  0  0.0016502  0  0
268  listen  0  0.0007474  1  0.004  0  0.0016502  0  0
269  listening  1  0.002  0  0.0013774  0  0.0016502  0  0
270  local  0  0.0007474  0  0.0013774  1  0.005  0  0
271  logic  1  0.002  0  0.0013774  0  0.0016502  0  0
272  logical  1  0.002  0  0.0013774  0  0.0016502  0  0
273  m  0  0.0007474  1  0.004  0  0.0016502  0  0
274  machine  2  0.004  0  0.0013774  0  0.0016502  0  0
275  made  1  0.002  0  0.0013774  0  0.0016502  0  0
276  main  1  0.002  0  0.0013774  0  0.0016502  0  0
277  make  1  0.002  0  0.0013774  0  0.0016502  0  0
278  making  0  0.0007474  1  0.004  0  0.0016502  0  0
279  market  0  0.0007474  1  0.004  0  0.0016502  0  0
280  medium  1  0.002  0  0.0013774  0  0.0016502  0  0
281  meeting  1  0.002  0  0.0013774  0  0.0016502  0  0
282  meetups  0  0.0007474  0  0.0013774  1  0.005  0  0
283  merges  1  0.002  0  0.0013774  0  0.0016502  0  0
284  metric  1  0.002  0  0.0013774  0  0.0016502  0  0
285  microservices  1  0.002  0  0.0013774  0  0.0016502  0  0
286  middleware  2  0.004  0  0.0013774  0  0.0016502  0  0
287  miner  0  0.0007474  0  0.0013774  1  0.005  0  0
288  minimal  1  0.002  0  0.0013774  0  0.0016502  0  0
289  mobile  1  0.002  0  0.0013774  0  0.0016502  0  0
290  month  1  0.002  0  0.0013774  0  0.0016502  0  0
291  moon  1  0.002  0  0.0013774  0  0.0016502  0  0
292  most  1  0.002  0  0.0013774  0  0.0016502  0  0
293  mouse  0  0.0007474  0  0.0013774  1  0.005  0  0
294  move  1  0.002  0  0.0013774  0  0.0016502  0  0
295  movingcollage  0  0.0007474  0  0.0013774  1  0.005  0  0
296  my  0  0.0007474  2  0.007  0  0.0016502  0  0
297  myself  0  0.0007474  1  0.004  0  0.0016502  0  0
298  mysterious  1  0.002  0  0.0013774  0  0.0016502  0  0
299  n't  0  0.0007474  1  0.004  0  0.0016502  0  0
300  name  0  0.0007474  3  0.01  0  0.0016502  0  0
301  national  2  0.004  0  0.0013774  0  0.0016502  0  0
302  network  2  0.004  0  0.0013774  0  0.0016502  0  0
303  new  5  0.008  2  0.007  0  0.0016502  0  0
304  news  2  0.004  0  0.0013774  0  0.0016502  0  0
305  no  3  0.005  0  0.0013774  0  0.0016502  0  0
306  noah  2  0.004  0  0.0013774  0  0.0016502  0  0
307  non-profit  0  0.0007474  1  0.004  0  0.0016502  0  0
308  north  1  0.002  0  0.0013774  0  0.0016502  0  0
309  not  2  0.004  0  0.0013774  0  0.0016502  0  0
310  now  2  0.004  0  0.0013774  0  0.0016502  0  0
311  nuclear  1  0.002  0  0.0013774  0  0.0016502  0  0
312  obtaining  1  0.002  0  0.0013774  0  0.0016502  0  0
313  of  12  0.019  0  0.0013774  0  0.0016502  0  0
314  oh  1  0.002  0  0.0013774  0  0.0016502  0  0
315  oil  1  0.002  0  0.0013774  0  0.0016502  0  0
316  older  1  0.002  0  0.0013774  0  0.0016502  0  0
317  on  3  0.005  2  0.007  0  0.0016502  0  0
318  one’s  1  0.002  0  0.0013774  0  0.0016502  0  0
319  online  1  0.002  0  0.0013774  1  0.005  0  0
320  only  1  0.002  0  0.0013774  0  0.0016502  0  0
321  open  1  0.002  0  0.0013774  1  0.005  0  0
322  or  0  0.0007474  2  0.007  0  0.0016502  0  0
323  others  1  0.002  0  0.0013774  0  0.0016502  0  0
324  our  1  0.002  0  0.0013774  0  0.0016502  0  0
325  out  1  0.002  0  0.0013774  0  0.0016502  0  0
326  own  2  0.004  0  0.0013774  0  0.0016502  0  0
327  page  2  0.004  0  0.0013774  0  0.0016502  0  0
328  paper  1  0.002  0  0.0013774  0  0.0016502  0  0
329  part  1  0.002  0  0.0013774  0  0.0016502  0  0
330  patch  2  0.004  0  0.0013774  0  0.0016502  0  0
331  pattern  1  0.002  0  0.0013774  0  0.0016502  0  0
332  pdf  2  0.004  0  0.0013774  1  0.005  0  0
333  pearl  1  0.002  0  0.0013774  0  0.0016502  0  0
334  pen  1  0.002  0  0.0013774  0  0.0016502  0  0
335  people  2  0.004  0  0.0013774  0  0.0016502  0  0
336  perform  0  0.0007474  1  0.004  0  0.0016502  0  0
337  performance  1  0.002  0  0.0013774  0  0.0016502  0  0
338  philippine  1  0.002  0  0.0013774  0  0.0016502  0  0
339  phone  1  0.002  0  0.0013774  0  0.0016502  0  0
340  photo’s  1  0.002  0  0.0013774  0  0.0016502  0  0
341  picasso  1  0.002  0  0.0013774  0  0.0016502  0  0
342  planning  0  0.0007474  1  0.004  0  0.0016502  0  0
343  plirus  1  0.002  0  0.0013774  0  0.0016502  0  0
344  podcasts  0  0.0007474  1  0.004  0  0.0016502  0  0
345  police  1  0.002  0  0.0013774  0  0.0016502  0  0
346  possible  1  0.002  1  0.004  0  0.0016502  0  0
347  probability  1  0.002  0  0.0013774  0  0.0016502  0  0
348  problem  2  0.004  0  0.0013774  0  0.0016502  0  0
349  production  1  0.002  0  0.0013774  0  0.0016502  0  0
350  program  1  0.002  0  0.0013774  0  0.0016502  0  0
351  project  0  0.0007474  0  0.0013774  1  0.005  0  0
352  protest  1  0.002  0  0.0013774  0  0.0016502  0  0
353  protester  1  0.002  0  0.0013774  0  0.0016502  0  0
354  provider  0  0.0007474  1  0.004  0  0.0016502  0  0
355  pseudoscience  1  0.002  0  0.0013774  0  0.0016502  0  0
356  psychology  1  0.002  0  0.0013774  0  0.0016502  0  0
357  psychosis  1  0.002  0  0.0013774  0  0.0016502  0  0
358  pterosaur  1  0.002  0  0.0013774  0  0.0016502  0  0
359  pulse  1  0.002  0  0.0013774  0  0.0016502  0  0
360  put  1  0.002  0  0.0013774  0  0.0016502  0  0
361  python  2  0.004  0  0.0013774  0  0.0016502  0  0
362  quality  2  0.004  0  0.0013774  0  0.0016502  0  0
363  quantum  1  0.002  0  0.0013774  0  0.0016502  0  0
364  quiet  1  0.002  0  0.0013774  0  0.0016502  0  0
365  r  1  0.002  0  0.0013774  0  0.0016502  0  0
366  radio  1  0.002  0  0.0013774  0  0.0016502  0  0
367  rarest  1  0.002  0  0.0013774  0  0.0016502  0  0
368  read  0  0.0007474  1  0.004  0  0.0016502  0  0
369  reasoning  1  0.002  0  0.0013774  0  0.0016502  0  0
370  recognition  1  0.002  0  0.0013774  0  0.0016502  0  0
371  recommendation  0  0.0007474  1  0.004  0  0.0016502  0  0
372  record-breaking  1  0.002  0  0.0013774  0  0.0016502  0  0
373  redox  1  0.002  0  0.0013774  0  0.0016502  0  0
374  registrar  0  0.0007474  1  0.004  0  0.0016502  0  0
375  regret  1  0.002  0  0.0013774  0  0.0016502  0  0
376  remember  0  0.0007474  1  0.004  0  0.0016502  0  0
377  remotely  1  0.002  0  0.0013774  0  0.0016502  0  0
378  remove  1  0.002  0  0.0013774  0  0.0016502  0  0
379  require  0  0.0007474  1  0.004  0  0.0016502  0  0
380  research  1  0.002  0  0.0013774  0  0.0016502  0  0
381  reserve  1  0.002  0  0.0013774  0  0.0016502  0  0
382  resolution  0  0.0007474  3  0.01  0  0.0016502  0  0
383  resource  0  0.0007474  1  0.004  0  0.0016502  0  0
384  retreat  1  0.002  0  0.0013774  0  0.0016502  0  0
385  rhythm  1  0.002  0  0.0013774  0  0.0016502  0  0
386  richer  1  0.002  0  0.0013774  0  0.0016502  0  0
387  room  0  0.0007474  1  0.004  0  0.0016502  0  0
388  router  1  0.002  0  0.0013774  0  0.0016502  0  0
389  ruby  2  0.004  0  0.0013774  0  0.0016502  0  0
390  sabotage  1  0.002  0  0.0013774  0  0.0016502  0  0
391  samsung  1  0.002  0  0.0013774  0  0.0016502  0  0
392  san  1  0.002  0  0.0013774  0  0.0016502  0  0
393  sane  1  0.002  0  0.0013774  0  0.0016502  0  0
394  say  1  0.002  0  0.0013774  0  0.0016502  0  0
395  scaled  1  0.002  0  0.0013774  0  0.0016502  0  0
396  science  2  0.004  1  0.004  0  0.0016502  0  0
397  scientific  1  0.002  0  0.0013774  0  0.0016502  0  0
398  scripting  1  0.002  0  0.0013774  0  0.0016502  0  0
399  sec  1  0.002  0  0.0013774  0  0.0016502  0  0
400  self-assembly  1  0.002  0  0.0013774  0  0.0016502  0  0
401  shop  1  0.002  0  0.0013774  0  0.0016502  0  0
402  should  0  0.0007474  1  0.004  0  0.0016502  0  0
403  show  0  0.0007474  0  0.0013774  8  0.028  0  0
404  shuts  1  0.002  0  0.0013774  0  0.0016502  0  0
405  side  1  0.002  0  0.0013774  0  0.0016502  0  0
406  simple  1  0.002  0  0.0013774  1  0.005  0  0
407  simplecoin  1  0.002  0  0.0013774  0  0.0016502  0  0
408  site  1  0.002  0  0.0013774  0  0.0016502  0  0
409  slow  1  0.002  0  0.0013774  0  0.0016502  0  0
410  social  2  0.004  0  0.0013774  0  0.0016502  0  0
411  software  0  0.0007474  1  0.004  0  0.0016502  0  0
412  solution  0  0.0007474  1  0.004  0  0.0016502  0  0
413  solved  1  0.002  0  0.0013774  0  0.0016502  0  0
414  sooner  1  0.002  0  0.0013774  0  0.0016502  0  0
415  source  0  0.0007474  0  0.0013774  1  0.005  0  0
416  space  1  0.002  0  0.0013774  0  0.0016502  0  0
417  spacebut  1  0.002  0  0.0013774  0  0.0016502  0  0
418  span  0  0.0007474  1  0.004  0  0.0016502  0  0
419  sparse  1  0.002  0  0.0013774  0  0.0016502  0  0
420  specific  1  0.002  0  0.0013774  0  0.0016502  0  0
421  speech  1  0.002  0  0.0013774  0  0.0016502  0  0
422  spent  1  0.002  0  0.0013774  0  0.0016502  0  0
423  spotting  1  0.002  0  0.0013774  0  0.0016502  0  0
424  spread  1  0.002  0  0.0013774  0  0.0016502  0  0
425  start  1  0.002  0  0.0013774  0  0.0016502  0  0
426  state  1  0.002  0  0.0013774  0  0.0016502  0  0
427  stop  1  0.002  0  0.0013774  0  0.0016502  0  0
428  stopped  1  0.002  0  0.0013774  0  0.0016502  0  0
429  store  1  0.002  0  0.0013774  0  0.0016502  0  0
430  strain  1  0.002  0  0.0013774  0  0.0016502  0  0
431  succeed  0  0.0007474  1  0.004  0  0.0016502  0  0
432  sugar  1  0.002  0  0.0013774  0  0.0016502  0  0
433  supermarket  1  0.002  0  0.0013774  0  0.0016502  0  0
434  supply  1  0.002  0  0.0013774  0  0.0016502  0  0
435  table  2  0.004  0  0.0013774  0  0.0016502  0  0
436  task  1  0.002  0  0.0013774  0  0.0016502  0  0
437  teaching  1  0.002  0  0.0013774  0  0.0016502  0  0
438  tech-related  0  0.0007474  1  0.004  0  0.0016502  0  0
439  technical  0  0.0007474  1  0.004  0  0.0016502  0  0
440  technique  2  0.004  0  0.0013774  0  0.0016502  0  0
441  tell  1  0.002  0  0.0013774  0  0.0016502  0  0
442  terminal  1  0.002  0  0.0013774  0  0.0016502  0  0
443  testing  2  0.004  0  0.0013774  0  0.0016502  0  0
444  than  2  0.004  0  0.0013774  0  0.0016502  0  0
445  that  1  0.002  1  0.004  0  0.0016502  0  0
446  the  23  0.035  2  0.007  1  0.005  0  0
447  their  1  0.002  0  0.0013774  0  0.0016502  0  0
448  therapy  1  0.002  0  0.0013774  0  0.0016502  0  0
449  there  0  0.0007474  1  0.004  0  0.0016502  0  0
450  they  1  0.002  0  0.0013774  0  0.0016502  0  0
451  thin  1  0.002  0  0.0013774  0  0.0016502  0  0
452  think  1  0.002  0  0.0013774  0  0.0016502  0  0
453  this  1  0.002  0  0.0013774  0  0.0016502  0  0
454  threat  1  0.002  0  0.0013774  0  0.0016502  0  0
455  ticker  0  0.0007474  0  0.0013774  1  0.005  0  0
456  time  2  0.004  0  0.0013774  0  0.0016502  0  0
457  tiny  1  0.002  0  0.0013774  0  0.0016502  0  0
458  to  17  0.026  4  0.012  1  0.005  0  0
459  tool  1  0.002  0  0.0013774  0  0.0016502  0  0
460  top  1  0.002  0  0.0013774  0  0.0016502  0  0
461  toshi  1  0.002  0  0.0013774  0  0.0016502  0  0
462  trade  1  0.002  0  0.0013774  0  0.0016502  0  0
463  trend  0  0.0007474  1  0.004  0  0.0016502  0  0
464  trolley  1  0.002  0  0.0013774  0  0.0016502  0  0
465  twitter  1  0.002  0  0.0013774  0  0.0016502  0  0
466  type  1  0.002  0  0.0013774  0  0.0016502  0  0
467  typed  1  0.002  0  0.0013774  0  0.0016502  0  0
468  u  2  0.004  0  0.0013774  0  0.0016502  0  0
469  u.s.  1  0.002  0  0.0013774  0  0.0016502  0  0
470  ugliest  0  0.0007474  1  0.004  0  0.0016502  0  0
471  under  1  0.002  0  0.0013774  0  0.0016502  0  0
472  united  1  0.002  0  0.0013774  0  0.0016502  0  0
473  up  1  0.002  0  0.0013774  0  0.0016502  0  0
474  urban  1  0.002  0  0.0013774  0  0.0016502  0  0
475  user  1  0.002  0  0.0013774  0  0.0016502  0  0
476  using  2  0.004  0  0.0013774  0  0.0016502  0  0
477  variable  1  0.002  0  0.0013774  0  0.0016502  0  0
478  version  0  0.0007474  1  0.004  0  0.0016502  0  0
479  victimhood  1  0.002  0  0.0013774  0  0.0016502  0  0
480  video  1  0.002  0  0.0013774  1  0.005  0  0
481  vim-netranger  1  0.002  0  0.0013774  0  0.0016502  0  0
482  volcanic  1  0.002  0  0.0013774  0  0.0016502  0  0
483  vote  1  0.002  0  0.0013774  0  0.0016502  0  0
484  wa  0  0.0007474  1  0.004  0  0.0016502  0  0
485  want  1  0.002  1  0.004  0  0.0016502  0  0
486  wav2letter  1  0.002  0  0.0013774  0  0.0016502  0  0
487  way  1  0.002  0  0.0013774  0  0.0016502  0  0
488  we  1  0.002  0  0.0013774  0  0.0016502  0  0
489  web  0  0.0007474  1  0.004  1  0.005  0  0
490  week  1  0.002  0  0.0013774  0  0.0016502  0  0
491  weird  1  0.002  0  0.0013774  0  0.0016502  0  0
492  what  4  0.007  6  0.018  0  0.0016502  0  0
493  when  1  0.002  0  0.0013774  0  0.0016502  0  0
494  whenever  1  0.002  0  0.0013774  0  0.0016502  0  0
495  why  2  0.004  0  0.0013774  0  0.0016502  0  0
496  will  1  0.002  0  0.0013774  0  0.0016502  0  0
497  winter  1  0.002  0  0.0013774  0  0.0016502  0  0
498  with  8  0.013  0  0.0013774  0  0.0016502  0  0
499  without  2  0.004  1  0.004  0  0.0016502  0  0
500  work  1  0.002  1  0.004  1  0.005  0  0
501  working  1  0.002  0  0.0013774  0  0.0016502  0  0
502  would  0  0.0007474  1  0.004  0  0.0016502  0  0
503  write  3  0.005  0  0.0013774  0  0.0016502  0  0
504  xmr  0  0.0007474  0  0.0013774  1  0.005  0  0
505  year  4  0.007  2  0.007  0  0.0016502  0  0
506  you  4  0.007  6  0.018  0  0.0016502  0  0
507  your  2  0.004  2  0.007  0  0.0016502  0  0
508  zone  1  0.002  0  0.0013774  0  0.0016502  0  0
509  –  5  0.008  0  0.0013774  1  0.005  0  0
510  “self-teleportation”  1  0.002  0  0.0013774  0  0.0016502  0  0
