1  1996  1  -2.6989700043360183  0  -2.6989700043360183  0  -2.6989700043360183  0  0
2  2  1  -2.6989700043360183  0  -2.6989700043360183  0  -2.6989700043360183  0  0
3  2002  1  -2.6989700043360183  0  -2.6989700043360183  0  -2.6989700043360183  0  0
4  2010  1  -2.6989700043360183  0  -2.6989700043360183  0  -2.6989700043360183  0  0
5  2011  1  -2.6989700043360183  0  -2.6989700043360183  0  -2.6989700043360183  0  0
6  2013  2  -2.5228787452803374  0  -2.6989700043360183  0  -2.6989700043360183  0  0
7  2014  1  -2.6989700043360183  0  -2.6989700043360183  0  -2.6989700043360183  0  0
8  2016  1  -2.6989700043360183  0  -2.6989700043360183  0  -2.6989700043360183  0  0
9  2017  3  -2.397940008672037  2  -2.301029995663981  0  -2.6989700043360183  0  0
10  2018  0  -2.9999999999999996  3  -2.1549019599857426  0  -2.6989700043360183  0  0
11  25th  1  -2.6989700043360183  0  -2.6989700043360183  0  -2.6989700043360183  0  0
12  2min  1  -2.6989700043360183  0  -2.6989700043360183  0  -2.6989700043360183  0  0
13  3  3  -2.397940008672037  0  -2.6989700043360183  0  -2.6989700043360183  0  0
14  34  1  -2.6989700043360183  0  -2.6989700043360183  0  -2.6989700043360183  0  0
15  37000  1  -2.6989700043360183  0  -2.6989700043360183  0  -2.6989700043360183  0  0
16  3d  0  -2.9999999999999996  1  -2.5228787452803374  0  -2.6989700043360183  0  0
17  3x3  1  -2.6989700043360183  0  -2.6989700043360183  0  -2.6989700043360183  0  0
18  415  1  -2.6989700043360183  0  -2.6989700043360183  0  -2.6989700043360183  0  0
19  50m  1  -2.6989700043360183  0  -2.6989700043360183  0  -2.6989700043360183  0  0
20  7  1  -2.6989700043360183  0  -2.6989700043360183  0  -2.6989700043360183  0  0
21  a  17  -1.6989700043360185  3  -2.1549019599857426  0  -2.6989700043360183  0  0
22  about  1  -2.6989700043360183  0  -2.6989700043360183  0  -2.6989700043360183  0  0
23  acme  0  -2.9999999999999996  0  -2.6989700043360183  1  -2.397940008672037  0  0
24  after  1  -2.6989700043360183  0  -2.6989700043360183  0  -2.6989700043360183  0  0
25  air  2  -2.5228787452803374  0  -2.6989700043360183  0  -2.6989700043360183  0  0
26  airborne  1  -2.6989700043360183  0  -2.6989700043360183  0  -2.6989700043360183  0  0
27  airport  1  -2.6989700043360183  0  -2.6989700043360183  0  -2.6989700043360183  0  0
28  altco  0  -2.9999999999999996  0  -2.6989700043360183  1  -2.397940008672037  0  0
29  amazon  2  -2.5228787452803374  0  -2.6989700043360183  0  -2.6989700043360183  0  0
30  an  0  -2.9999999999999996  1  -2.5228787452803374  0  -2.6989700043360183  0  0
31  and  7  -2.045757490560675  1  -2.5228787452803374  1  -2.397940008672037  0  0
32  andromeda  1  -2.6989700043360183  0  -2.6989700043360183  0  -2.6989700043360183  0  0
33  any  0  -2.9999999999999996  3  -2.1549019599857426  0  -2.6989700043360183  0  0
34  apple  2  -2.5228787452803374  0  -2.6989700043360183  0  -2.6989700043360183  0  0
35  application  2  -2.5228787452803374  0  -2.6989700043360183  0  -2.6989700043360183  0  0
36  applying  1  -2.6989700043360183  0  -2.6989700043360183  0  -2.6989700043360183  0  0
37  apps  1  -2.6989700043360183  1  -2.5228787452803374  0  -2.6989700043360183  0  0
38  are  2  -2.5228787452803374  2  -2.301029995663981  0  -2.6989700043360183  0  0
39  arrive  1  -2.6989700043360183  0  -2.6989700043360183  0  -2.6989700043360183  0  0
40  arsenal  1  -2.6989700043360183  0  -2.6989700043360183  0  -2.6989700043360183  0  0
41  ash  1  -2.6989700043360183  0  -2.6989700043360183  0  -2.6989700043360183  0  0
42  ask  0  -2.9999999999999996  18  -1.4948500216800937  0  -2.6989700043360183  0  0
43  at  1  -2.6989700043360183  1  -2.5228787452803374  0  -2.6989700043360183  0  0
44  attack  1  -2.6989700043360183  0  -2.6989700043360183  0  -2.6989700043360183  0  0
45  attendorganize  0  -2.9999999999999996  0  -2.6989700043360183  1  -2.397940008672037  0  0
46  attention  0  -2.9999999999999996  1  -2.5228787452803374  0  -2.6989700043360183  0  0
47  authorize  1  -2.6989700043360183  0  -2.6989700043360183  0  -2.6989700043360183  0  0
48  bake  1  -2.6989700043360183  0  -2.6989700043360183  0  -2.6989700043360183  0  0
49  basic  1  -2.6989700043360183  0  -2.6989700043360183  0  -2.6989700043360183  0  0
50  battery  1  -2.6989700043360183  0  -2.6989700043360183  0  -2.6989700043360183  0  0
51  bcn  0  -2.9999999999999996  0  -2.6989700043360183  1  -2.397940008672037  0  0
52  be  1  -2.6989700043360183  0  -2.6989700043360183  0  -2.6989700043360183  0  0
53  beat  1  -2.6989700043360183  0  -2.6989700043360183  0  -2.6989700043360183  0  0
54  before  0  -2.9999999999999996  2  -2.301029995663981  0  -2.6989700043360183  0  0
55  begin  1  -2.6989700043360183  0  -2.6989700043360183  0  -2.6989700043360183  0  0
56  beijing  1  -2.6989700043360183  0  -2.6989700043360183  0  -2.6989700043360183  0  0
57  believe  1  -2.6989700043360183  0  -2.6989700043360183  0  -2.6989700043360183  0  0
58  berlin  0  -2.9999999999999996  1  -2.5228787452803374  0  -2.6989700043360183  0  0
59  best  1  -2.6989700043360183  0  -2.6989700043360183  0  -2.6989700043360183  0  0
60  bitcoinâthe  1  -2.6989700043360183  0  -2.6989700043360183  0  -2.6989700043360183  0  0
61  block  1  -2.6989700043360183  0  -2.6989700043360183  0  -2.6989700043360183  0  0
62  blockchain  1  -2.6989700043360183  0  -2.6989700043360183  0  -2.6989700043360183  0  0
63  blog  1  -2.6989700043360183  0  -2.6989700043360183  1  -2.397940008672037  0  0
64  blood  2  -2.5228787452803374  0  -2.6989700043360183  0  -2.6989700043360183  0  0
65  board  1  -2.6989700043360183  0  -2.6989700043360183  0  -2.6989700043360183  0  0
66  body  1  -2.6989700043360183  0  -2.6989700043360183  0  -2.6989700043360183  0  0
67  book  1  -2.6989700043360183  1  -2.5228787452803374  0  -2.6989700043360183  0  0
68  boom  1  -2.6989700043360183  0  -2.6989700043360183  0  -2.6989700043360183  0  0
69  bootcamp  1  -2.6989700043360183  0  -2.6989700043360183  0  -2.6989700043360183  0  0
70  brain  1  -2.6989700043360183  0  -2.6989700043360183  0  -2.6989700043360183  0  0
71  brandbusiness  0  -2.9999999999999996  1  -2.5228787452803374  0  -2.6989700043360183  0  0
72  breaking  1  -2.6989700043360183  0  -2.6989700043360183  0  -2.6989700043360183  0  0
73  breakthrough  1  -2.6989700043360183  0  -2.6989700043360183  0  -2.6989700043360183  0  0
74  browser  1  -2.6989700043360183  0  -2.6989700043360183  1  -2.397940008672037  0  0
75  bsp  1  -2.6989700043360183  0  -2.6989700043360183  0  -2.6989700043360183  0  0
76  by  1  -2.6989700043360183  0  -2.6989700043360183  0  -2.6989700043360183  0  0
77  c  1  -2.6989700043360183  0  -2.6989700043360183  0  -2.6989700043360183  0  0
78  cad  0  -2.9999999999999996  1  -2.5228787452803374  0  -2.6989700043360183  0  0
79  called  1  -2.6989700043360183  0  -2.6989700043360183  0  -2.6989700043360183  0  0
80  came  1  -2.6989700043360183  0  -2.6989700043360183  0  -2.6989700043360183  0  0
81  can  3  -2.397940008672037  1  -2.5228787452803374  0  -2.6989700043360183  0  0
82  cap  1  -2.6989700043360183  0  -2.6989700043360183  0  -2.6989700043360183  0  0
83  capturing  1  -2.6989700043360183  0  -2.6989700043360183  0  -2.6989700043360183  0  0
84  car  1  -2.6989700043360183  0  -2.6989700043360183  0  -2.6989700043360183  0  0
85  card  0  -2.9999999999999996  0  -2.6989700043360183  1  -2.397940008672037  0  0
86  case  1  -2.6989700043360183  0  -2.6989700043360183  0  -2.6989700043360183  0  0
87  celebrate  1  -2.6989700043360183  0  -2.6989700043360183  0  -2.6989700043360183  0  0
88  chain  1  -2.6989700043360183  0  -2.6989700043360183  0  -2.6989700043360183  0  0
89  change  0  -2.9999999999999996  1  -2.5228787452803374  0  -2.6989700043360183  0  0
90  chatroom  1  -2.6989700043360183  0  -2.6989700043360183  0  -2.6989700043360183  0  0
91  china  2  -2.5228787452803374  0  -2.6989700043360183  0  -2.6989700043360183  0  0
92  chrome  0  -2.9999999999999996  0  -2.6989700043360183  1  -2.397940008672037  0  0
93  city  1  -2.6989700043360183  0  -2.6989700043360183  0  -2.6989700043360183  0  0
94  cixl  1  -2.6989700043360183  0  -2.6989700043360183  0  -2.6989700043360183  0  0
95  class  1  -2.6989700043360183  0  -2.6989700043360183  0  -2.6989700043360183  0  0
96  clipper  0  -2.9999999999999996  0  -2.6989700043360183  1  -2.397940008672037  0  0
97  clue  1  -2.6989700043360183  0  -2.6989700043360183  0  -2.6989700043360183  0  0
98  clutch  1  -2.6989700043360183  0  -2.6989700043360183  0  -2.6989700043360183  0  0
99  coding  1  -2.6989700043360183  0  -2.6989700043360183  0  -2.6989700043360183  0  0
100  coin  1  -2.6989700043360183  0  -2.6989700043360183  0  -2.6989700043360183  0  0
101  coinbase  1  -2.6989700043360183  0  -2.6989700043360183  0  -2.6989700043360183  0  0
102  collage  0  -2.9999999999999996  0  -2.6989700043360183  1  -2.397940008672037  0  0
103  collection  1  -2.6989700043360183  0  -2.6989700043360183  0  -2.6989700043360183  0  0
104  comeback  1  -2.6989700043360183  0  -2.6989700043360183  0  -2.6989700043360183  0  0
105  community  2  -2.5228787452803374  0  -2.6989700043360183  0  -2.6989700043360183  0  0
106  complete  1  -2.6989700043360183  0  -2.6989700043360183  0  -2.6989700043360183  0  0
107  complexity  1  -2.6989700043360183  0  -2.6989700043360183  0  -2.6989700043360183  0  0
108  compromise  1  -2.6989700043360183  0  -2.6989700043360183  0  -2.6989700043360183  0  0
109  computer  2  -2.5228787452803374  1  -2.5228787452803374  0  -2.6989700043360183  0  0
110  computing  1  -2.6989700043360183  0  -2.6989700043360183  0  -2.6989700043360183  0  0
111  consulting  0  -2.9999999999999996  1  -2.5228787452803374  0  -2.6989700043360183  0  0
112  control  0  -2.9999999999999996  1  -2.5228787452803374  0  -2.6989700043360183  0  0
113  controversial  1  -2.6989700043360183  0  -2.6989700043360183  0  -2.6989700043360183  0  0
114  conversion  0  -2.9999999999999996  0  -2.6989700043360183  1  -2.397940008672037  0  0
115  cook  0  -2.9999999999999996  1  -2.5228787452803374  0  -2.6989700043360183  0  0
116  copyonwrite  1  -2.6989700043360183  0  -2.6989700043360183  0  -2.6989700043360183  0  0
117  corporate  1  -2.6989700043360183  0  -2.6989700043360183  0  -2.6989700043360183  0  0
118  corruption  1  -2.6989700043360183  0  -2.6989700043360183  0  -2.6989700043360183  0  0
119  could  2  -2.5228787452803374  0  -2.6989700043360183  0  -2.6989700043360183  0  0
120  create  0  -2.9999999999999996  0  -2.6989700043360183  1  -2.397940008672037  0  0
121  crypto  0  -2.9999999999999996  0  -2.6989700043360183  1  -2.397940008672037  0  0
122  csv  0  -2.9999999999999996  0  -2.6989700043360183  1  -2.397940008672037  0  0
123  culture  1  -2.6989700043360183  0  -2.6989700043360183  0  -2.6989700043360183  0  0
124  custom  1  -2.6989700043360183  0  -2.6989700043360183  0  -2.6989700043360183  0  0
125  dapp  1  -2.6989700043360183  0  -2.6989700043360183  0  -2.6989700043360183  0  0
126  death  1  -2.6989700043360183  0  -2.6989700043360183  0  -2.6989700043360183  0  0
127  decently  1  -2.6989700043360183  0  -2.6989700043360183  0  -2.6989700043360183  0  0
128  decentralized  1  -2.6989700043360183  0  -2.6989700043360183  0  -2.6989700043360183  0  0
129  decision  0  -2.9999999999999996  1  -2.5228787452803374  0  -2.6989700043360183  0  0
130  degree  0  -2.9999999999999996  1  -2.5228787452803374  0  -2.6989700043360183  0  0
131  demo  1  -2.6989700043360183  1  -2.5228787452803374  0  -2.6989700043360183  0  0
132  deploying  0  -2.9999999999999996  1  -2.5228787452803374  0  -2.6989700043360183  0  0
133  depth  1  -2.6989700043360183  0  -2.6989700043360183  0  -2.6989700043360183  0  0
134  development  0  -2.9999999999999996  1  -2.5228787452803374  0  -2.6989700043360183  0  0
135  device  1  -2.6989700043360183  0  -2.6989700043360183  0  -2.6989700043360183  0  0
136  did  1  -2.6989700043360183  1  -2.5228787452803374  0  -2.6989700043360183  0  0
137  diligence  0  -2.9999999999999996  1  -2.5228787452803374  0  -2.6989700043360183  0  0
138  discord  1  -2.6989700043360183  0  -2.6989700043360183  0  -2.6989700043360183  0  0
139  dna  1  -2.6989700043360183  0  -2.6989700043360183  0  -2.6989700043360183  0  0
140  do  1  -2.6989700043360183  3  -2.1549019599857426  0  -2.6989700043360183  0  0
141  doe  1  -2.6989700043360183  0  -2.6989700043360183  0  -2.6989700043360183  0  0
142  domain  0  -2.9999999999999996  1  -2.5228787452803374  0  -2.6989700043360183  0  0
143  dont  0  -2.9999999999999996  1  -2.5228787452803374  0  -2.6989700043360183  0  0
144  donât  2  -2.5228787452803374  0  -2.6989700043360183  0  -2.6989700043360183  0  0
145  down  1  -2.6989700043360183  0  -2.6989700043360183  0  -2.6989700043360183  0  0
146  dream  1  -2.6989700043360183  0  -2.6989700043360183  0  -2.6989700043360183  0  0
147  due  0  -2.9999999999999996  1  -2.5228787452803374  0  -2.6989700043360183  0  0
148  egg  1  -2.6989700043360183  0  -2.6989700043360183  0  -2.6989700043360183  0  0
149  elon  1  -2.6989700043360183  0  -2.6989700043360183  0  -2.6989700043360183  0  0
150  embody  1  -2.6989700043360183  0  -2.6989700043360183  0  -2.6989700043360183  0  0
151  employer  0  -2.9999999999999996  1  -2.5228787452803374  0  -2.6989700043360183  0  0
152  encryption  1  -2.6989700043360183  0  -2.6989700043360183  0  -2.6989700043360183  0  0
153  end  2  -2.5228787452803374  0  -2.6989700043360183  0  -2.6989700043360183  0  0
154  enjoys  1  -2.6989700043360183  0  -2.6989700043360183  0  -2.6989700043360183  0  0
155  entity  1  -2.6989700043360183  0  -2.6989700043360183  0  -2.6989700043360183  0  0
156  entrepreneurial  1  -2.6989700043360183  0  -2.6989700043360183  0  -2.6989700043360183  0  0
157  ethereum  1  -2.6989700043360183  0  -2.6989700043360183  0  -2.6989700043360183  0  0
158  etn  0  -2.9999999999999996  0  -2.6989700043360183  1  -2.397940008672037  0  0
159  event  0  -2.9999999999999996  1  -2.5228787452803374  1  -2.397940008672037  0  0
160  expansion  1  -2.6989700043360183  0  -2.6989700043360183  0  -2.6989700043360183  0  0
161  expected  1  -2.6989700043360183  0  -2.6989700043360183  0  -2.6989700043360183  0  0
162  exploration  1  -2.6989700043360183  0  -2.6989700043360183  0  -2.6989700043360183  0  0
163  exponential  0  -2.9999999999999996  0  -2.6989700043360183  1  -2.397940008672037  0  0
164  express  2  -2.5228787452803374  0  -2.6989700043360183  0  -2.6989700043360183  0  0
165  facebooks  0  -2.9999999999999996  1  -2.5228787452803374  0  -2.6989700043360183  0  0
166  fair  1  -2.6989700043360183  0  -2.6989700043360183  0  -2.6989700043360183  0  0
167  fallacy  1  -2.6989700043360183  0  -2.6989700043360183  0  -2.6989700043360183  0  0
168  far  1  -2.6989700043360183  0  -2.6989700043360183  0  -2.6989700043360183  0  0
169  faster  1  -2.6989700043360183  0  -2.6989700043360183  0  -2.6989700043360183  0  0
170  feature  0  -2.9999999999999996  1  -2.5228787452803374  0  -2.6989700043360183  0  0
171  field  1  -2.6989700043360183  0  -2.6989700043360183  0  -2.6989700043360183  0  0
172  fight  1  -2.6989700043360183  0  -2.6989700043360183  0  -2.6989700043360183  0  0
173  file  0  -2.9999999999999996  1  -2.5228787452803374  0  -2.6989700043360183  0  0
174  five  1  -2.6989700043360183  0  -2.6989700043360183  0  -2.6989700043360183  0  0
175  flywheel  1  -2.6989700043360183  0  -2.6989700043360183  0  -2.6989700043360183  0  0
176  foot  1  -2.6989700043360183  0  -2.6989700043360183  0  -2.6989700043360183  0  0
177  for  5  -2.1549019599857426  4  -2.0969100130080562  2  -2.221848749616356  0  0
178  fossil  1  -2.6989700043360183  0  -2.6989700043360183  0  -2.6989700043360183  0  0
179  found  1  -2.6989700043360183  0  -2.6989700043360183  0  -2.6989700043360183  0  0
180  foundation  1  -2.6989700043360183  0  -2.6989700043360183  0  -2.6989700043360183  0  0
181  framework  1  -2.6989700043360183  1  -2.5228787452803374  0  -2.6989700043360183  0  0
182  francisco  1  -2.6989700043360183  0  -2.6989700043360183  0  -2.6989700043360183  0  0
183  friendly  1  -2.6989700043360183  0  -2.6989700043360183  0  -2.6989700043360183  0  0
184  from  2  -2.5228787452803374  0  -2.6989700043360183  0  -2.6989700043360183  0  0
185  fry  1  -2.6989700043360183  0  -2.6989700043360183  0  -2.6989700043360183  0  0
186  function  1  -2.6989700043360183  0  -2.6989700043360183  0  -2.6989700043360183  0  0
187  garbage  1  -2.6989700043360183  0  -2.6989700043360183  0  -2.6989700043360183  0  0
188  genetic  1  -2.6989700043360183  0  -2.6989700043360183  0  -2.6989700043360183  0  0
189  give  1  -2.6989700043360183  0  -2.6989700043360183  0  -2.6989700043360183  0  0
190  glass  1  -2.6989700043360183  0  -2.6989700043360183  0  -2.6989700043360183  0  0
191  global  1  -2.6989700043360183  0  -2.6989700043360183  0  -2.6989700043360183  0  0
192  go  1  -2.6989700043360183  0  -2.6989700043360183  0  -2.6989700043360183  0  0
193  google  2  -2.5228787452803374  0  -2.6989700043360183  0  -2.6989700043360183  0  0
194  governance  1  -2.6989700043360183  0  -2.6989700043360183  0  -2.6989700043360183  0  0
195  ha  1  -2.6989700043360183  0  -2.6989700043360183  0  -2.6989700043360183  0  0
196  hacker  1  -2.6989700043360183  0  -2.6989700043360183  0  -2.6989700043360183  0  0
197  hackernews  0  -2.9999999999999996  0  -2.6989700043360183  1  -2.397940008672037  0  0
198  happen  1  -2.6989700043360183  0  -2.6989700043360183  0  -2.6989700043360183  0  0
199  happy  1  -2.6989700043360183  0  -2.6989700043360183  0  -2.6989700043360183  0  0
200  harassment  1  -2.6989700043360183  0  -2.6989700043360183  0  -2.6989700043360183  0  0
201  harp  1  -2.6989700043360183  0  -2.6989700043360183  0  -2.6989700043360183  0  0
202  haul  1  -2.6989700043360183  0  -2.6989700043360183  0  -2.6989700043360183  0  0
203  hereâs  1  -2.6989700043360183  0  -2.6989700043360183  0  -2.6989700043360183  0  0
204  high  1  -2.6989700043360183  0  -2.6989700043360183  0  -2.6989700043360183  0  0
205  him  1  -2.6989700043360183  0  -2.6989700043360183  0  -2.6989700043360183  0  0
206  hn  1  -2.6989700043360183  18  -1.4948500216800937  8  -1.7695510786217257  0  0
207  how  6  -2.0969100130080562  2  -2.301029995663981  1  -2.397940008672037  0  0
208  human  1  -2.6989700043360183  0  -2.6989700043360183  0  -2.6989700043360183  0  0
209  hundred  1  -2.6989700043360183  0  -2.6989700043360183  0  -2.6989700043360183  0  0
210  i  2  -2.5228787452803374  2  -2.301029995663981  0  -2.6989700043360183  0  0
211  image  1  -2.6989700043360183  0  -2.6989700043360183  0  -2.6989700043360183  0  0
212  important  1  -2.6989700043360183  0  -2.6989700043360183  0  -2.6989700043360183  0  0
213  improve  0  -2.9999999999999996  1  -2.5228787452803374  0  -2.6989700043360183  0  0
214  in  14  -1.7695510786217257  6  -1.9208187539523751  1  -2.397940008672037  0  0
215  inbrowser  0  -2.9999999999999996  0  -2.6989700043360183  1  -2.397940008672037  0  0
216  insolvent  1  -2.6989700043360183  0  -2.6989700043360183  0  -2.6989700043360183  0  0
217  interactive  0  -2.9999999999999996  1  -2.5228787452803374  0  -2.6989700043360183  0  0
218  interest  1  -2.6989700043360183  0  -2.6989700043360183  0  -2.6989700043360183  0  0
219  introduction  1  -2.6989700043360183  0  -2.6989700043360183  0  -2.6989700043360183  0  0
220  ioccc  1  -2.6989700043360183  0  -2.6989700043360183  0  -2.6989700043360183  0  0
221  iota  1  -2.6989700043360183  1  -2.5228787452803374  0  -2.6989700043360183  0  0
222  iran  1  -2.6989700043360183  0  -2.6989700043360183  0  -2.6989700043360183  0  0
223  is  4  -2.221848749616356  3  -2.1549019599857426  0  -2.6989700043360183  0  0
224  isolation  2  -2.5228787452803374  0  -2.6989700043360183  0  -2.6989700043360183  0  0
225  isp  1  -2.6989700043360183  0  -2.6989700043360183  0  -2.6989700043360183  0  0
226  it  3  -2.397940008672037  1  -2.5228787452803374  0  -2.6989700043360183  0  0
227  ivory  1  -2.6989700043360183  0  -2.6989700043360183  0  -2.6989700043360183  0  0
228  javascript  0  -2.9999999999999996  1  -2.5228787452803374  1  -2.397940008672037  0  0
229  job  2  -2.5228787452803374  0  -2.6989700043360183  0  -2.6989700043360183  0  0
230  joining  0  -2.9999999999999996  1  -2.5228787452803374  0  -2.6989700043360183  0  0
231  jongun  1  -2.6989700043360183  0  -2.6989700043360183  0  -2.6989700043360183  0  0
232  judging  1  -2.6989700043360183  0  -2.6989700043360183  0  -2.6989700043360183  0  0
233  jumbo  1  -2.6989700043360183  0  -2.6989700043360183  0  -2.6989700043360183  0  0
234  kenyan  1  -2.6989700043360183  0  -2.6989700043360183  0  -2.6989700043360183  0  0
235  kernel  1  -2.6989700043360183  0  -2.6989700043360183  0  -2.6989700043360183  0  0
236  kim  1  -2.6989700043360183  0  -2.6989700043360183  0  -2.6989700043360183  0  0
237  korea  1  -2.6989700043360183  0  -2.6989700043360183  0  -2.6989700043360183  0  0
238  land  1  -2.6989700043360183  0  -2.6989700043360183  0  -2.6989700043360183  0  0
239  language  2  -2.5228787452803374  0  -2.6989700043360183  0  -2.6989700043360183  0  0
240  last  0  -2.9999999999999996  1  -2.5228787452803374  0  -2.6989700043360183  0  0
241  learn  0  -2.9999999999999996  2  -2.301029995663981  1  -2.397940008672037  0  0
242  learned  1  -2.6989700043360183  0  -2.6989700043360183  0  -2.6989700043360183  0  0
243  learning  2  -2.5228787452803374  0  -2.6989700043360183  0  -2.6989700043360183  0  0
244  led  1  -2.6989700043360183  0  -2.6989700043360183  0  -2.6989700043360183  0  0
245  legal  1  -2.6989700043360183  0  -2.6989700043360183  0  -2.6989700043360183  0  0
246  let  1  -2.6989700043360183  0  -2.6989700043360183  0  -2.6989700043360183  0  0
247  level  1  -2.6989700043360183  0  -2.6989700043360183  0  -2.6989700043360183  0  0
248  lg  1  -2.6989700043360183  0  -2.6989700043360183  0  -2.6989700043360183  0  0
249  library  1  -2.6989700043360183  0  -2.6989700043360183  0  -2.6989700043360183  0  0
250  life  1  -2.6989700043360183  0  -2.6989700043360183  0  -2.6989700043360183  0  0
251  like  1  -2.6989700043360183  0  -2.6989700043360183  0  -2.6989700043360183  0  0
252  limited  0  -2.9999999999999996  1  -2.5228787452803374  0  -2.6989700043360183  0  0
253  linus  1  -2.6989700043360183  0  -2.6989700043360183  0  -2.6989700043360183  0  0
254  linux  2  -2.5228787452803374  0  -2.6989700043360183  0  -2.6989700043360183  0  0
255  linuxiot  1  -2.6989700043360183  0  -2.6989700043360183  0  -2.6989700043360183  0  0
256  list  1  -2.6989700043360183  0  -2.6989700043360183  0  -2.6989700043360183  0  0
257  listen  0  -2.9999999999999996  1  -2.5228787452803374  0  -2.6989700043360183  0  0
258  listening  1  -2.6989700043360183  0  -2.6989700043360183  0  -2.6989700043360183  0  0
259  local  0  -2.9999999999999996  0  -2.6989700043360183  1  -2.397940008672037  0  0
260  logic  1  -2.6989700043360183  0  -2.6989700043360183  0  -2.6989700043360183  0  0
261  logical  1  -2.6989700043360183  0  -2.6989700043360183  0  -2.6989700043360183  0  0
262  ma  0  -2.9999999999999996  1  -2.5228787452803374  0  -2.6989700043360183  0  0
263  machine  2  -2.5228787452803374  0  -2.6989700043360183  0  -2.6989700043360183  0  0
264  made  1  -2.6989700043360183  0  -2.6989700043360183  0  -2.6989700043360183  0  0
265  main  1  -2.6989700043360183  0  -2.6989700043360183  0  -2.6989700043360183  0  0
266  make  1  -2.6989700043360183  0  -2.6989700043360183  0  -2.6989700043360183  0  0
267  making  0  -2.9999999999999996  1  -2.5228787452803374  0  -2.6989700043360183  0  0
268  market  0  -2.9999999999999996  1  -2.5228787452803374  0  -2.6989700043360183  0  0
269  medium  1  -2.6989700043360183  0  -2.6989700043360183  0  -2.6989700043360183  0  0
270  meeting  1  -2.6989700043360183  0  -2.6989700043360183  0  -2.6989700043360183  0  0
271  meetups  0  -2.9999999999999996  0  -2.6989700043360183  1  -2.397940008672037  0  0
272  merges  1  -2.6989700043360183  0  -2.6989700043360183  0  -2.6989700043360183  0  0
273  metric  1  -2.6989700043360183  0  -2.6989700043360183  0  -2.6989700043360183  0  0
274  microservices  1  -2.6989700043360183  0  -2.6989700043360183  0  -2.6989700043360183  0  0
275  middleware  2  -2.5228787452803374  0  -2.6989700043360183  0  -2.6989700043360183  0  0
276  miner  0  -2.9999999999999996  0  -2.6989700043360183  1  -2.397940008672037  0  0
277  minimal  1  -2.6989700043360183  0  -2.6989700043360183  0  -2.6989700043360183  0  0
278  mobile  1  -2.6989700043360183  0  -2.6989700043360183  0  -2.6989700043360183  0  0
279  month  1  -2.6989700043360183  0  -2.6989700043360183  0  -2.6989700043360183  0  0
280  moon  1  -2.6989700043360183  0  -2.6989700043360183  0  -2.6989700043360183  0  0
281  most  1  -2.6989700043360183  0  -2.6989700043360183  0  -2.6989700043360183  0  0
282  mouse  0  -2.9999999999999996  0  -2.6989700043360183  1  -2.397940008672037  0  0
283  move  1  -2.6989700043360183  0  -2.6989700043360183  0  -2.6989700043360183  0  0
284  movingcollage  0  -2.9999999999999996  0  -2.6989700043360183  1  -2.397940008672037  0  0
285  my  0  -2.9999999999999996  2  -2.301029995663981  0  -2.6989700043360183  0  0
286  myself  0  -2.9999999999999996  1  -2.5228787452803374  0  -2.6989700043360183  0  0
287  mysterious  1  -2.6989700043360183  0  -2.6989700043360183  0  -2.6989700043360183  0  0
288  name  0  -2.9999999999999996  3  -2.1549019599857426  0  -2.6989700043360183  0  0
289  national  2  -2.5228787452803374  0  -2.6989700043360183  0  -2.6989700043360183  0  0
290  network  2  -2.5228787452803374  0  -2.6989700043360183  0  -2.6989700043360183  0  0
291  new  5  -2.1549019599857426  2  -2.301029995663981  0  -2.6989700043360183  0  0
292  news  2  -2.5228787452803374  0  -2.6989700043360183  0  -2.6989700043360183  0  0
293  no  3  -2.397940008672037  0  -2.6989700043360183  0  -2.6989700043360183  0  0
294  noah  2  -2.5228787452803374  0  -2.6989700043360183  0  -2.6989700043360183  0  0
295  nonprofit  0  -2.9999999999999996  1  -2.5228787452803374  0  -2.6989700043360183  0  0
296  north  1  -2.6989700043360183  0  -2.6989700043360183  0  -2.6989700043360183  0  0
297  not  2  -2.5228787452803374  0  -2.6989700043360183  0  -2.6989700043360183  0  0
298  now  2  -2.5228787452803374  0  -2.6989700043360183  0  -2.6989700043360183  0  0
299  nuclear  1  -2.6989700043360183  0  -2.6989700043360183  0  -2.6989700043360183  0  0
300  obtaining  1  -2.6989700043360183  0  -2.6989700043360183  0  -2.6989700043360183  0  0
301  of  12  -1.853871964321762  0  -2.6989700043360183  0  -2.6989700043360183  0  0
302  oh  1  -2.6989700043360183  0  -2.6989700043360183  0  -2.6989700043360183  0  0
303  oil  1  -2.6989700043360183  0  -2.6989700043360183  0  -2.6989700043360183  0  0
304  older  1  -2.6989700043360183  0  -2.6989700043360183  0  -2.6989700043360183  0  0
305  on  3  -2.397940008672037  2  -2.301029995663981  0  -2.6989700043360183  0  0
306  oneâs  1  -2.6989700043360183  0  -2.6989700043360183  0  -2.6989700043360183  0  0
307  online  1  -2.6989700043360183  0  -2.6989700043360183  1  -2.397940008672037  0  0
308  only  1  -2.6989700043360183  0  -2.6989700043360183  0  -2.6989700043360183  0  0
309  open  1  -2.6989700043360183  0  -2.6989700043360183  1  -2.397940008672037  0  0
310  or  0  -2.9999999999999996  2  -2.301029995663981  0  -2.6989700043360183  0  0
311  others  1  -2.6989700043360183  0  -2.6989700043360183  0  -2.6989700043360183  0  0
312  our  1  -2.6989700043360183  0  -2.6989700043360183  0  -2.6989700043360183  0  0
313  out  1  -2.6989700043360183  0  -2.6989700043360183  0  -2.6989700043360183  0  0
314  own  2  -2.5228787452803374  0  -2.6989700043360183  0  -2.6989700043360183  0  0
315  page  2  -2.5228787452803374  0  -2.6989700043360183  0  -2.6989700043360183  0  0
316  paper  1  -2.6989700043360183  0  -2.6989700043360183  0  -2.6989700043360183  0  0
317  part  1  -2.6989700043360183  0  -2.6989700043360183  0  -2.6989700043360183  0  0
318  patch  2  -2.5228787452803374  0  -2.6989700043360183  0  -2.6989700043360183  0  0
319  pattern  1  -2.6989700043360183  0  -2.6989700043360183  0  -2.6989700043360183  0  0
320  pdf  2  -2.5228787452803374  0  -2.6989700043360183  1  -2.397940008672037  0  0
321  pearl  1  -2.6989700043360183  0  -2.6989700043360183  0  -2.6989700043360183  0  0
322  pen  1  -2.6989700043360183  0  -2.6989700043360183  0  -2.6989700043360183  0  0
323  people  2  -2.5228787452803374  0  -2.6989700043360183  0  -2.6989700043360183  0  0
324  perform  0  -2.9999999999999996  1  -2.5228787452803374  0  -2.6989700043360183  0  0
325  performance  1  -2.6989700043360183  0  -2.6989700043360183  0  -2.6989700043360183  0  0
326  philippine  1  -2.6989700043360183  0  -2.6989700043360183  0  -2.6989700043360183  0  0
327  phone  1  -2.6989700043360183  0  -2.6989700043360183  0  -2.6989700043360183  0  0
328  photoâs  1  -2.6989700043360183  0  -2.6989700043360183  0  -2.6989700043360183  0  0
329  picasso  1  -2.6989700043360183  0  -2.6989700043360183  0  -2.6989700043360183  0  0
330  planning  0  -2.9999999999999996  1  -2.5228787452803374  0  -2.6989700043360183  0  0
331  plirus  1  -2.6989700043360183  0  -2.6989700043360183  0  -2.6989700043360183  0  0
332  podcasts  0  -2.9999999999999996  1  -2.5228787452803374  0  -2.6989700043360183  0  0
333  police  1  -2.6989700043360183  0  -2.6989700043360183  0  -2.6989700043360183  0  0
334  possible  1  -2.6989700043360183  1  -2.5228787452803374  0  -2.6989700043360183  0  0
335  probability  1  -2.6989700043360183  0  -2.6989700043360183  0  -2.6989700043360183  0  0
336  problem  2  -2.5228787452803374  0  -2.6989700043360183  0  -2.6989700043360183  0  0
337  production  1  -2.6989700043360183  0  -2.6989700043360183  0  -2.6989700043360183  0  0
338  program  1  -2.6989700043360183  0  -2.6989700043360183  0  -2.6989700043360183  0  0
339  project  0  -2.9999999999999996  0  -2.6989700043360183  1  -2.397940008672037  0  0
340  protest  1  -2.6989700043360183  0  -2.6989700043360183  0  -2.6989700043360183  0  0
341  protester  1  -2.6989700043360183  0  -2.6989700043360183  0  -2.6989700043360183  0  0
342  provider  0  -2.9999999999999996  1  -2.5228787452803374  0  -2.6989700043360183  0  0
343  pseudoscience  1  -2.6989700043360183  0  -2.6989700043360183  0  -2.6989700043360183  0  0
344  psychology  1  -2.6989700043360183  0  -2.6989700043360183  0  -2.6989700043360183  0  0
345  psychosis  1  -2.6989700043360183  0  -2.6989700043360183  0  -2.6989700043360183  0  0
346  pterosaur  1  -2.6989700043360183  0  -2.6989700043360183  0  -2.6989700043360183  0  0
347  pulse  1  -2.6989700043360183  0  -2.6989700043360183  0  -2.6989700043360183  0  0
348  put  1  -2.6989700043360183  0  -2.6989700043360183  0  -2.6989700043360183  0  0
349  python  2  -2.5228787452803374  0  -2.6989700043360183  0  -2.6989700043360183  0  0
350  quality  2  -2.5228787452803374  0  -2.6989700043360183  0  -2.6989700043360183  0  0
351  quantum  1  -2.6989700043360183  0  -2.6989700043360183  0  -2.6989700043360183  0  0
352  quiet  1  -2.6989700043360183  0  -2.6989700043360183  0  -2.6989700043360183  0  0
353  r  1  -2.6989700043360183  0  -2.6989700043360183  0  -2.6989700043360183  0  0
354  radio  1  -2.6989700043360183  0  -2.6989700043360183  0  -2.6989700043360183  0  0
355  rarest  1  -2.6989700043360183  0  -2.6989700043360183  0  -2.6989700043360183  0  0
356  read  0  -2.9999999999999996  1  -2.5228787452803374  0  -2.6989700043360183  0  0
357  reasoning  1  -2.6989700043360183  0  -2.6989700043360183  0  -2.6989700043360183  0  0
358  recognition  1  -2.6989700043360183  0  -2.6989700043360183  0  -2.6989700043360183  0  0
359  recommendation  0  -2.9999999999999996  1  -2.5228787452803374  0  -2.6989700043360183  0  0
360  recordbreaking  1  -2.6989700043360183  0  -2.6989700043360183  0  -2.6989700043360183  0  0
361  redox  1  -2.6989700043360183  0  -2.6989700043360183  0  -2.6989700043360183  0  0
362  registrar  0  -2.9999999999999996  1  -2.5228787452803374  0  -2.6989700043360183  0  0
363  regret  1  -2.6989700043360183  0  -2.6989700043360183  0  -2.6989700043360183  0  0
364  remember  0  -2.9999999999999996  1  -2.5228787452803374  0  -2.6989700043360183  0  0
365  remotely  1  -2.6989700043360183  0  -2.6989700043360183  0  -2.6989700043360183  0  0
366  remove  1  -2.6989700043360183  0  -2.6989700043360183  0  -2.6989700043360183  0  0
367  require  0  -2.9999999999999996  1  -2.5228787452803374  0  -2.6989700043360183  0  0
368  research  1  -2.6989700043360183  0  -2.6989700043360183  0  -2.6989700043360183  0  0
369  reserve  1  -2.6989700043360183  0  -2.6989700043360183  0  -2.6989700043360183  0  0
370  resolution  0  -2.9999999999999996  3  -2.1549019599857426  0  -2.6989700043360183  0  0
371  resource  0  -2.9999999999999996  1  -2.5228787452803374  0  -2.6989700043360183  0  0
372  retreat  1  -2.6989700043360183  0  -2.6989700043360183  0  -2.6989700043360183  0  0
373  rhythm  1  -2.6989700043360183  0  -2.6989700043360183  0  -2.6989700043360183  0  0
374  richer  1  -2.6989700043360183  0  -2.6989700043360183  0  -2.6989700043360183  0  0
375  room  0  -2.9999999999999996  1  -2.5228787452803374  0  -2.6989700043360183  0  0
376  router  1  -2.6989700043360183  0  -2.6989700043360183  0  -2.6989700043360183  0  0
377  ruby  2  -2.5228787452803374  0  -2.6989700043360183  0  -2.6989700043360183  0  0
378  sabotage  1  -2.6989700043360183  0  -2.6989700043360183  0  -2.6989700043360183  0  0
379  samsung  1  -2.6989700043360183  0  -2.6989700043360183  0  -2.6989700043360183  0  0
380  san  1  -2.6989700043360183  0  -2.6989700043360183  0  -2.6989700043360183  0  0
381  sane  1  -2.6989700043360183  0  -2.6989700043360183  0  -2.6989700043360183  0  0
382  say  1  -2.6989700043360183  0  -2.6989700043360183  0  -2.6989700043360183  0  0
383  scaled  1  -2.6989700043360183  0  -2.6989700043360183  0  -2.6989700043360183  0  0
384  science  2  -2.5228787452803374  1  -2.5228787452803374  0  -2.6989700043360183  0  0
385  scientific  1  -2.6989700043360183  0  -2.6989700043360183  0  -2.6989700043360183  0  0
386  scripting  1  -2.6989700043360183  0  -2.6989700043360183  0  -2.6989700043360183  0  0
387  sec  1  -2.6989700043360183  0  -2.6989700043360183  0  -2.6989700043360183  0  0
388  selfassembly  1  -2.6989700043360183  0  -2.6989700043360183  0  -2.6989700043360183  0  0
389  shop  1  -2.6989700043360183  0  -2.6989700043360183  0  -2.6989700043360183  0  0
390  should  0  -2.9999999999999996  1  -2.5228787452803374  0  -2.6989700043360183  0  0
391  show  0  -2.9999999999999996  0  -2.6989700043360183  8  -1.7695510786217257  0  0
392  shuts  1  -2.6989700043360183  0  -2.6989700043360183  0  -2.6989700043360183  0  0
393  side  1  -2.6989700043360183  0  -2.6989700043360183  0  -2.6989700043360183  0  0
394  simple  1  -2.6989700043360183  0  -2.6989700043360183  1  -2.397940008672037  0  0
395  simplecoin  1  -2.6989700043360183  0  -2.6989700043360183  0  -2.6989700043360183  0  0
396  site  1  -2.6989700043360183  0  -2.6989700043360183  0  -2.6989700043360183  0  0
397  slow  1  -2.6989700043360183  0  -2.6989700043360183  0  -2.6989700043360183  0  0
398  social  2  -2.5228787452803374  0  -2.6989700043360183  0  -2.6989700043360183  0  0
399  software  0  -2.9999999999999996  1  -2.5228787452803374  0  -2.6989700043360183  0  0
400  solution  0  -2.9999999999999996  1  -2.5228787452803374  0  -2.6989700043360183  0  0
401  solved  1  -2.6989700043360183  0  -2.6989700043360183  0  -2.6989700043360183  0  0
402  sooner  1  -2.6989700043360183  0  -2.6989700043360183  0  -2.6989700043360183  0  0
403  source  0  -2.9999999999999996  0  -2.6989700043360183  1  -2.397940008672037  0  0
404  space  1  -2.6989700043360183  0  -2.6989700043360183  0  -2.6989700043360183  0  0
405  spacebut  1  -2.6989700043360183  0  -2.6989700043360183  0  -2.6989700043360183  0  0
406  span  0  -2.9999999999999996  1  -2.5228787452803374  0  -2.6989700043360183  0  0
407  sparse  1  -2.6989700043360183  0  -2.6989700043360183  0  -2.6989700043360183  0  0
408  specific  1  -2.6989700043360183  0  -2.6989700043360183  0  -2.6989700043360183  0  0
409  speech  1  -2.6989700043360183  0  -2.6989700043360183  0  -2.6989700043360183  0  0
410  spent  1  -2.6989700043360183  0  -2.6989700043360183  0  -2.6989700043360183  0  0
411  spotting  1  -2.6989700043360183  0  -2.6989700043360183  0  -2.6989700043360183  0  0
412  spread  1  -2.6989700043360183  0  -2.6989700043360183  0  -2.6989700043360183  0  0
413  start  1  -2.6989700043360183  0  -2.6989700043360183  0  -2.6989700043360183  0  0
414  state  1  -2.6989700043360183  0  -2.6989700043360183  0  -2.6989700043360183  0  0
415  stop  1  -2.6989700043360183  0  -2.6989700043360183  0  -2.6989700043360183  0  0
416  stopped  1  -2.6989700043360183  0  -2.6989700043360183  0  -2.6989700043360183  0  0
417  store  1  -2.6989700043360183  0  -2.6989700043360183  0  -2.6989700043360183  0  0
418  strain  1  -2.6989700043360183  0  -2.6989700043360183  0  -2.6989700043360183  0  0
419  succeed  0  -2.9999999999999996  1  -2.5228787452803374  0  -2.6989700043360183  0  0
420  sugar  1  -2.6989700043360183  0  -2.6989700043360183  0  -2.6989700043360183  0  0
421  supermarket  1  -2.6989700043360183  0  -2.6989700043360183  0  -2.6989700043360183  0  0
422  supply  1  -2.6989700043360183  0  -2.6989700043360183  0  -2.6989700043360183  0  0
423  table  2  -2.5228787452803374  0  -2.6989700043360183  0  -2.6989700043360183  0  0
424  task  1  -2.6989700043360183  0  -2.6989700043360183  0  -2.6989700043360183  0  0
425  teaching  1  -2.6989700043360183  0  -2.6989700043360183  0  -2.6989700043360183  0  0
426  technical  0  -2.9999999999999996  1  -2.5228787452803374  0  -2.6989700043360183  0  0
427  technique  2  -2.5228787452803374  0  -2.6989700043360183  0  -2.6989700043360183  0  0
428  techrelated  0  -2.9999999999999996  1  -2.5228787452803374  0  -2.6989700043360183  0  0
429  tell  1  -2.6989700043360183  0  -2.6989700043360183  0  -2.6989700043360183  0  0
430  terminal  1  -2.6989700043360183  0  -2.6989700043360183  0  -2.6989700043360183  0  0
431  testing  2  -2.5228787452803374  0  -2.6989700043360183  0  -2.6989700043360183  0  0
432  than  2  -2.5228787452803374  0  -2.6989700043360183  0  -2.6989700043360183  0  0
433  that  1  -2.6989700043360183  1  -2.5228787452803374  0  -2.6989700043360183  0  0
434  the  23  -1.5686362358410126  2  -2.301029995663981  1  -2.397940008672037  0  0
435  their  1  -2.6989700043360183  0  -2.6989700043360183  0  -2.6989700043360183  0  0
436  therapy  1  -2.6989700043360183  0  -2.6989700043360183  0  -2.6989700043360183  0  0
437  there  0  -2.9999999999999996  1  -2.5228787452803374  0  -2.6989700043360183  0  0
438  they  1  -2.6989700043360183  0  -2.6989700043360183  0  -2.6989700043360183  0  0
439  thin  1  -2.6989700043360183  0  -2.6989700043360183  0  -2.6989700043360183  0  0
440  think  1  -2.6989700043360183  0  -2.6989700043360183  0  -2.6989700043360183  0  0
441  this  1  -2.6989700043360183  0  -2.6989700043360183  0  -2.6989700043360183  0  0
442  threat  1  -2.6989700043360183  0  -2.6989700043360183  0  -2.6989700043360183  0  0
443  ticker  0  -2.9999999999999996  0  -2.6989700043360183  1  -2.397940008672037  0  0
444  time  2  -2.5228787452803374  0  -2.6989700043360183  0  -2.6989700043360183  0  0
445  tiny  1  -2.6989700043360183  0  -2.6989700043360183  0  -2.6989700043360183  0  0
446  to  17  -1.6989700043360185  4  -2.0969100130080562  1  -2.397940008672037  0  0
447  tool  1  -2.6989700043360183  0  -2.6989700043360183  0  -2.6989700043360183  0  0
448  top  1  -2.6989700043360183  0  -2.6989700043360183  0  -2.6989700043360183  0  0
449  toshi  1  -2.6989700043360183  0  -2.6989700043360183  0  -2.6989700043360183  0  0
450  trade  1  -2.6989700043360183  0  -2.6989700043360183  0  -2.6989700043360183  0  0
451  trend  0  -2.9999999999999996  1  -2.5228787452803374  0  -2.6989700043360183  0  0
452  trolley  1  -2.6989700043360183  0  -2.6989700043360183  0  -2.6989700043360183  0  0
453  twitter  1  -2.6989700043360183  0  -2.6989700043360183  0  -2.6989700043360183  0  0
454  type  1  -2.6989700043360183  0  -2.6989700043360183  0  -2.6989700043360183  0  0
455  typed  1  -2.6989700043360183  0  -2.6989700043360183  0  -2.6989700043360183  0  0
456  u  3  -2.397940008672037  0  -2.6989700043360183  0  -2.6989700043360183  0  0
457  ugliest  0  -2.9999999999999996  1  -2.5228787452803374  0  -2.6989700043360183  0  0
458  under  1  -2.6989700043360183  0  -2.6989700043360183  0  -2.6989700043360183  0  0
459  united  1  -2.6989700043360183  0  -2.6989700043360183  0  -2.6989700043360183  0  0
460  up  1  -2.6989700043360183  0  -2.6989700043360183  0  -2.6989700043360183  0  0
461  urban  1  -2.6989700043360183  0  -2.6989700043360183  0  -2.6989700043360183  0  0
462  user  1  -2.6989700043360183  0  -2.6989700043360183  0  -2.6989700043360183  0  0
463  using  2  -2.5228787452803374  0  -2.6989700043360183  0  -2.6989700043360183  0  0
464  variable  1  -2.6989700043360183  0  -2.6989700043360183  0  -2.6989700043360183  0  0
465  version  0  -2.9999999999999996  1  -2.5228787452803374  0  -2.6989700043360183  0  0
466  victimhood  1  -2.6989700043360183  0  -2.6989700043360183  0  -2.6989700043360183  0  0
467  video  1  -2.6989700043360183  0  -2.6989700043360183  1  -2.397940008672037  0  0
468  vimnetranger  1  -2.6989700043360183  0  -2.6989700043360183  0  -2.6989700043360183  0  0
469  volcanic  1  -2.6989700043360183  0  -2.6989700043360183  0  -2.6989700043360183  0  0
470  vote  1  -2.6989700043360183  0  -2.6989700043360183  0  -2.6989700043360183  0  0
471  wa  0  -2.9999999999999996  1  -2.5228787452803374  0  -2.6989700043360183  0  0
472  want  1  -2.6989700043360183  1  -2.5228787452803374  0  -2.6989700043360183  0  0
473  wav2letter  1  -2.6989700043360183  0  -2.6989700043360183  0  -2.6989700043360183  0  0
474  way  1  -2.6989700043360183  0  -2.6989700043360183  0  -2.6989700043360183  0  0
475  we  1  -2.6989700043360183  0  -2.6989700043360183  0  -2.6989700043360183  0  0
476  web  0  -2.9999999999999996  1  -2.5228787452803374  1  -2.397940008672037  0  0
477  week  1  -2.6989700043360183  0  -2.6989700043360183  0  -2.6989700043360183  0  0
478  weird  1  -2.6989700043360183  0  -2.6989700043360183  0  -2.6989700043360183  0  0
479  what  3  -2.397940008672037  6  -1.9208187539523751  0  -2.6989700043360183  0  0
480  whats  1  -2.6989700043360183  0  -2.6989700043360183  0  -2.6989700043360183  0  0
481  when  1  -2.6989700043360183  0  -2.6989700043360183  0  -2.6989700043360183  0  0
482  whenever  1  -2.6989700043360183  0  -2.6989700043360183  0  -2.6989700043360183  0  0
483  why  2  -2.5228787452803374  0  -2.6989700043360183  0  -2.6989700043360183  0  0
484  will  1  -2.6989700043360183  0  -2.6989700043360183  0  -2.6989700043360183  0  0
485  winter  1  -2.6989700043360183  0  -2.6989700043360183  0  -2.6989700043360183  0  0
486  with  8  -1.9999999999999996  0  -2.6989700043360183  0  -2.6989700043360183  0  0
487  without  2  -2.5228787452803374  1  -2.5228787452803374  0  -2.6989700043360183  0  0
488  work  1  -2.6989700043360183  1  -2.5228787452803374  1  -2.397940008672037  0  0
489  working  1  -2.6989700043360183  0  -2.6989700043360183  0  -2.6989700043360183  0  0
490  would  0  -2.9999999999999996  1  -2.5228787452803374  0  -2.6989700043360183  0  0
491  write  3  -2.397940008672037  0  -2.6989700043360183  0  -2.6989700043360183  0  0
492  xmr  0  -2.9999999999999996  0  -2.6989700043360183  1  -2.397940008672037  0  0
493  year  4  -2.221848749616356  2  -2.301029995663981  0  -2.6989700043360183  0  0
494  you  3  -2.397940008672037  6  -1.9208187539523751  0  -2.6989700043360183  0  0
495  your  2  -2.5228787452803374  2  -2.301029995663981  0  -2.6989700043360183  0  0
496  youre  1  -2.6989700043360183  0  -2.6989700043360183  0  -2.6989700043360183  0  0
497  zone  1  -2.6989700043360183  0  -2.6989700043360183  0  -2.6989700043360183  0  0
498  â  5  -2.1549019599857426  0  -2.6989700043360183  1  -2.397940008672037  0  0
499  âselfteleportationâ  1  -2.6989700043360183  0  -2.6989700043360183  0  -2.6989700043360183  0  0
