1  2010  1  0.004  0  0.0022371  0  0.0026702  0  0
2  2017  2  0.006  2  0.008  0  0.0026702  0  0
3  2018  0  0.0017369  3  0.011  0  0.0026702  0  0
4  25th  1  0.004  0  0.0022371  0  0.0026702  0  0
5  3  2  0.006  0  0.0022371  0  0.0026702  0  0
6  34  1  0.004  0  0.0022371  0  0.0026702  0  0
7  37000  1  0.004  0  0.0022371  0  0.0026702  0  0
8  3d  0  0.0017369  1  0.005  0  0.0026702  0  0
9  3x3  1  0.004  0  0.0022371  0  0.0026702  0  0
10  415  1  0.004  0  0.0022371  0  0.0026702  0  0
11  7  1  0.004  0  0.0022371  0  0.0026702  0  0
12  a  4  0.01  3  0.011  0  0.0026702  0  0
13  acme  0  0.0017369  0  0.0022371  1  0.006  0  0
14  air  2  0.006  0  0.0022371  0  0.0026702  0  0
15  airport  1  0.004  0  0.0022371  0  0.0026702  0  0
16  altco  0  0.0017369  0  0.0022371  1  0.006  0  0
17  an  0  0.0017369  1  0.005  0  0.0026702  0  0
18  and  4  0.01  1  0.005  1  0.006  0  0
19  any  0  0.0017369  3  0.011  0  0.0026702  0  0
20  application  2  0.006  0  0.0022371  0  0.0026702  0  0
21  apps  0  0.0017369  1  0.005  0  0.0026702  0  0
22  are  1  0.004  2  0.008  0  0.0026702  0  0
23  arsenal  1  0.004  0  0.0022371  0  0.0026702  0  0
24  ash  1  0.004  0  0.0022371  0  0.0026702  0  0
25  ask  0  0.0017369  18  0.053  0  0.0026702  0  0
26  at  1  0.004  1  0.005  0  0.0026702  0  0
27  attendorganize  0  0.0017369  0  0.0022371  1  0.006  0  0
28  attention  0  0.0017369  1  0.005  0  0.0026702  0  0
29  authorize  1  0.004  0  0.0022371  0  0.0026702  0  0
30  bcn  0  0.0017369  0  0.0022371  1  0.006  0  0
31  be  1  0.004  0  0.0022371  0  0.0026702  0  0
32  beat  1  0.004  0  0.0022371  0  0.0026702  0  0
33  before  0  0.0017369  2  0.008  0  0.0026702  0  0
34  beijing  1  0.004  0  0.0022371  0  0.0026702  0  0
35  berlin  0  0.0017369  1  0.005  0  0.0026702  0  0
36  best  1  0.004  0  0.0022371  0  0.0026702  0  0
37  blog  0  0.0017369  0  0.0022371  1  0.006  0  0
38  board  1  0.004  0  0.0022371  0  0.0026702  0  0
39  book  1  0.004  1  0.005  0  0.0026702  0  0
40  brandbusiness  0  0.0017369  1  0.005  0  0.0026702  0  0
41  breaking  1  0.004  0  0.0022371  0  0.0026702  0  0
42  breakthrough  1  0.004  0  0.0022371  0  0.0026702  0  0
43  browser  1  0.004  0  0.0022371  1  0.006  0  0
44  bsp  1  0.004  0  0.0022371  0  0.0026702  0  0
45  by  1  0.004  0  0.0022371  0  0.0026702  0  0
46  c  1  0.004  0  0.0022371  0  0.0026702  0  0
47  cad  0  0.0017369  1  0.005  0  0.0026702  0  0
48  called  1  0.004  0  0.0022371  0  0.0026702  0  0
49  came  1  0.004  0  0.0022371  0  0.0026702  0  0
50  can  1  0.004  1  0.005  0  0.0026702  0  0
51  cap  1  0.004  0  0.0022371  0  0.0026702  0  0
52  capturing  1  0.004  0  0.0022371  0  0.0026702  0  0
53  card  0  0.0017369  0  0.0022371  1  0.006  0  0
54  case  1  0.004  0  0.0022371  0  0.0026702  0  0
55  change  0  0.0017369  1  0.005  0  0.0026702  0  0
56  chrome  0  0.0017369  0  0.0022371  1  0.006  0  0
57  city  1  0.004  0  0.0022371  0  0.0026702  0  0
58  clipper  0  0.0017369  0  0.0022371  1  0.006  0  0
59  coin  1  0.004  0  0.0022371  0  0.0026702  0  0
60  collage  0  0.0017369  0  0.0022371  1  0.006  0  0
61  collection  1  0.004  0  0.0022371  0  0.0026702  0  0
62  complete  1  0.004  0  0.0022371  0  0.0026702  0  0
63  computer  1  0.004  1  0.005  0  0.0026702  0  0
64  consulting  0  0.0017369  1  0.005  0  0.0026702  0  0
65  control  0  0.0017369  1  0.005  0  0.0026702  0  0
66  controversial  1  0.004  0  0.0022371  0  0.0026702  0  0
67  conversion  0  0.0017369  0  0.0022371  1  0.006  0  0
68  cook  0  0.0017369  1  0.005  0  0.0026702  0  0
69  copyonwrite  1  0.004  0  0.0022371  0  0.0026702  0  0
70  could  1  0.004  0  0.0022371  0  0.0026702  0  0
71  create  0  0.0017369  0  0.0022371  1  0.006  0  0
72  crypto  0  0.0017369  0  0.0022371  1  0.006  0  0
73  csv  0  0.0017369  0  0.0022371  1  0.006  0  0
74  custom  1  0.004  0  0.0022371  0  0.0026702  0  0
75  dapp  1  0.004  0  0.0022371  0  0.0026702  0  0
76  death  1  0.004  0  0.0022371  0  0.0026702  0  0
77  decision  0  0.0017369  1  0.005  0  0.0026702  0  0
78  degree  0  0.0017369  1  0.005  0  0.0026702  0  0
79  demo  0  0.0017369  1  0.005  0  0.0026702  0  0
80  deploying  0  0.0017369  1  0.005  0  0.0026702  0  0
81  development  0  0.0017369  1  0.005  0  0.0026702  0  0
82  did  1  0.004  1  0.005  0  0.0026702  0  0
83  diligence  0  0.0017369  1  0.005  0  0.0026702  0  0
84  dna  1  0.004  0  0.0022371  0  0.0026702  0  0
85  do  0  0.0017369  3  0.011  0  0.0026702  0  0
86  domain  0  0.0017369  1  0.005  0  0.0026702  0  0
87  dont  0  0.0017369  1  0.005  0  0.0026702  0  0
88  due  0  0.0017369  1  0.005  0  0.0026702  0  0
89  embody  1  0.004  0  0.0022371  0  0.0026702  0  0
90  employer  0  0.0017369  1  0.005  0  0.0026702  0  0
91  end  2  0.006  0  0.0022371  0  0.0026702  0  0
92  enjoys  1  0.004  0  0.0022371  0  0.0026702  0  0
93  ethereum  1  0.004  0  0.0022371  0  0.0026702  0  0
94  etn  0  0.0017369  0  0.0022371  1  0.006  0  0
95  event  0  0.0017369  1  0.005  1  0.006  0  0
96  expansion  1  0.004  0  0.0022371  0  0.0026702  0  0
97  exponential  0  0.0017369  0  0.0022371  1  0.006  0  0
98  express  2  0.006  0  0.0022371  0  0.0026702  0  0
99  facebooks  0  0.0017369  1  0.005  0  0.0026702  0  0
100  fair  1  0.004  0  0.0022371  0  0.0026702  0  0
101  fallacy  1  0.004  0  0.0022371  0  0.0026702  0  0
102  faster  1  0.004  0  0.0022371  0  0.0026702  0  0
103  feature  0  0.0017369  1  0.005  0  0.0026702  0  0
104  file  0  0.0017369  1  0.005  0  0.0026702  0  0
105  five  1  0.004  0  0.0022371  0  0.0026702  0  0
106  foot  1  0.004  0  0.0022371  0  0.0026702  0  0
107  for  3  0.008  4  0.013  2  0.009  0  0
108  foundation  1  0.004  0  0.0022371  0  0.0026702  0  0
109  framework  0  0.0017369  1  0.005  0  0.0026702  0  0
110  francisco  1  0.004  0  0.0022371  0  0.0026702  0  0
111  friendly  1  0.004  0  0.0022371  0  0.0026702  0  0
112  from  2  0.006  0  0.0022371  0  0.0026702  0  0
113  function  1  0.004  0  0.0022371  0  0.0026702  0  0
114  garbage  1  0.004  0  0.0022371  0  0.0026702  0  0
115  genetic  1  0.004  0  0.0022371  0  0.0026702  0  0
116  glass  1  0.004  0  0.0022371  0  0.0026702  0  0
117  google  1  0.004  0  0.0022371  0  0.0026702  0  0
118  ha  1  0.004  0  0.0022371  0  0.0026702  0  0
119  hacker  1  0.004  0  0.0022371  0  0.0026702  0  0
120  hackernews  0  0.0017369  0  0.0022371  1  0.006  0  0
121  happen  1  0.004  0  0.0022371  0  0.0026702  0  0
122  happy  1  0.004  0  0.0022371  0  0.0026702  0  0
123  harassment  1  0.004  0  0.0022371  0  0.0026702  0  0
124  high  1  0.004  0  0.0022371  0  0.0026702  0  0
125  him  1  0.004  0  0.0022371  0  0.0026702  0  0
126  hn  1  0.004  18  0.053  8  0.029  0  0
127  how  4  0.01  2  0.008  1  0.006  0  0
128  i  0  0.0017369  2  0.008  0  0.0026702  0  0
129  important  1  0.004  0  0.0022371  0  0.0026702  0  0
130  improve  0  0.0017369  1  0.005  0  0.0026702  0  0
131  in  7  0.017  6  0.019  1  0.006  0  0
132  inbrowser  0  0.0017369  0  0.0022371  1  0.006  0  0
133  interactive  0  0.0017369  1  0.005  0  0.0026702  0  0
134  ioccc  1  0.004  0  0.0022371  0  0.0026702  0  0
135  iota  1  0.004  1  0.005  0  0.0026702  0  0
136  is  4  0.01  3  0.011  0  0.0026702  0  0
137  isolation  2  0.006  0  0.0022371  0  0.0026702  0  0
138  isp  1  0.004  0  0.0022371  0  0.0026702  0  0
139  it  2  0.006  1  0.005  0  0.0026702  0  0
140  javascript  0  0.0017369  1  0.005  1  0.006  0  0
141  job  1  0.004  0  0.0022371  0  0.0026702  0  0
142  joining  0  0.0017369  1  0.005  0  0.0026702  0  0
143  jongun  1  0.004  0  0.0022371  0  0.0026702  0  0
144  jumbo  1  0.004  0  0.0022371  0  0.0026702  0  0
145  kernel  1  0.004  0  0.0022371  0  0.0026702  0  0
146  kim  1  0.004  0  0.0022371  0  0.0026702  0  0
147  korea  1  0.004  0  0.0022371  0  0.0026702  0  0
148  last  0  0.0017369  1  0.005  0  0.0026702  0  0
149  learn  0  0.0017369  2  0.008  1  0.006  0  0
150  learning  1  0.004  0  0.0022371  0  0.0026702  0  0
151  led  1  0.004  0  0.0022371  0  0.0026702  0  0
152  level  1  0.004  0  0.0022371  0  0.0026702  0  0
153  library  1  0.004  0  0.0022371  0  0.0026702  0  0
154  limited  0  0.0017369  1  0.005  0  0.0026702  0  0
155  linus  1  0.004  0  0.0022371  0  0.0026702  0  0
156  linux  2  0.006  0  0.0022371  0  0.0026702  0  0
157  list  1  0.004  0  0.0022371  0  0.0026702  0  0
158  listen  0  0.0017369  1  0.005  0  0.0026702  0  0
159  listening  1  0.004  0  0.0022371  0  0.0026702  0  0
160  local  0  0.0017369  0  0.0022371  1  0.006  0  0
161  ma  0  0.0017369  1  0.005  0  0.0026702  0  0
162  main  1  0.004  0  0.0022371  0  0.0026702  0  0
163  make  1  0.004  0  0.0022371  0  0.0026702  0  0
164  making  0  0.0017369  1  0.005  0  0.0026702  0  0
165  market  0  0.0017369  1  0.005  0  0.0026702  0  0
166  meetups  0  0.0017369  0  0.0022371  1  0.006  0  0
167  merges  1  0.004  0  0.0022371  0  0.0026702  0  0
168  metric  1  0.004  0  0.0022371  0  0.0026702  0  0
169  microservices  1  0.004  0  0.0022371  0  0.0026702  0  0
170  middleware  2  0.006  0  0.0022371  0  0.0026702  0  0
171  miner  0  0.0017369  0  0.0022371  1  0.006  0  0
172  most  1  0.004  0  0.0022371  0  0.0026702  0  0
173  mouse  0  0.0017369  0  0.0022371  1  0.006  0  0
174  movingcollage  0  0.0017369  0  0.0022371  1  0.006  0  0
175  my  0  0.0017369  2  0.008  0  0.0026702  0  0
176  myself  0  0.0017369  1  0.005  0  0.0026702  0  0
177  mysterious  1  0.004  0  0.0022371  0  0.0026702  0  0
178  name  0  0.0017369  3  0.011  0  0.0026702  0  0
179  national  2  0.006  0  0.0022371  0  0.0026702  0  0
180  network  1  0.004  0  0.0022371  0  0.0026702  0  0
181  new  1  0.004  2  0.008  0  0.0026702  0  0
182  news  2  0.006  0  0.0022371  0  0.0026702  0  0
183  no  3  0.008  0  0.0022371  0  0.0026702  0  0
184  noah  2  0.006  0  0.0022371  0  0.0026702  0  0
185  nonprofit  0  0.0017369  1  0.005  0  0.0026702  0  0
186  north  1  0.004  0  0.0022371  0  0.0026702  0  0
187  not  2  0.006  0  0.0022371  0  0.0026702  0  0
188  now  2  0.006  0  0.0022371  0  0.0026702  0  0
189  nuclear  1  0.004  0  0.0022371  0  0.0026702  0  0
190  of  5  0.013  0  0.0022371  0  0.0026702  0  0
191  on  0  0.0017369  2  0.008  0  0.0026702  0  0
192  online  0  0.0017369  0  0.0022371  1  0.006  0  0
193  only  1  0.004  0  0.0022371  0  0.0026702  0  0
194  open  1  0.004  0  0.0022371  1  0.006  0  0
195  or  0  0.0017369  2  0.008  0  0.0026702  0  0
196  our  1  0.004  0  0.0022371  0  0.0026702  0  0
197  out  1  0.004  0  0.0022371  0  0.0026702  0  0
198  own  1  0.004  0  0.0022371  0  0.0026702  0  0
199  page  2  0.006  0  0.0022371  0  0.0026702  0  0
200  patch  2  0.006  0  0.0022371  0  0.0026702  0  0
201  pdf  0  0.0017369  0  0.0022371  1  0.006  0  0
202  perform  0  0.0017369  1  0.005  0  0.0026702  0  0
203  performance  1  0.004  0  0.0022371  0  0.0026702  0  0
204  philippine  1  0.004  0  0.0022371  0  0.0026702  0  0
205  picasso  1  0.004  0  0.0022371  0  0.0026702  0  0
206  planning  0  0.0017369  1  0.005  0  0.0026702  0  0
207  plirus  1  0.004  0  0.0022371  0  0.0026702  0  0
208  podcasts  0  0.0017369  1  0.005  0  0.0026702  0  0
209  police  1  0.004  0  0.0022371  0  0.0026702  0  0
210  possible  1  0.004  1  0.005  0  0.0026702  0  0
211  problem  1  0.004  0  0.0022371  0  0.0026702  0  0
212  program  1  0.004  0  0.0022371  0  0.0026702  0  0
213  project  0  0.0017369  0  0.0022371  1  0.006  0  0
214  protester  1  0.004  0  0.0022371  0  0.0026702  0  0
215  provider  0  0.0017369  1  0.005  0  0.0026702  0  0
216  pseudoscience  1  0.004  0  0.0022371  0  0.0026702  0  0
217  psychosis  1  0.004  0  0.0022371  0  0.0026702  0  0
218  pulse  1  0.004  0  0.0022371  0  0.0026702  0  0
219  python  2  0.006  0  0.0022371  0  0.0026702  0  0
220  quality  1  0.004  0  0.0022371  0  0.0026702  0  0
221  quiet  1  0.004  0  0.0022371  0  0.0026702  0  0
222  r  1  0.004  0  0.0022371  0  0.0026702  0  0
223  radio  1  0.004  0  0.0022371  0  0.0026702  0  0
224  read  0  0.0017369  1  0.005  0  0.0026702  0  0
225  recognition  1  0.004  0  0.0022371  0  0.0026702  0  0
226  recommendation  0  0.0017369  1  0.005  0  0.0026702  0  0
227  redox  1  0.004  0  0.0022371  0  0.0026702  0  0
228  registrar  0  0.0017369  1  0.005  0  0.0026702  0  0
229  regret  1  0.004  0  0.0022371  0  0.0026702  0  0
230  remember  0  0.0017369  1  0.005  0  0.0026702  0  0
231  remove  1  0.004  0  0.0022371  0  0.0026702  0  0
232  require  0  0.0017369  1  0.005  0  0.0026702  0  0
233  reserve  1  0.004  0  0.0022371  0  0.0026702  0  0
234  resolution  0  0.0017369  3  0.011  0  0.0026702  0  0
235  resource  0  0.0017369  1  0.005  0  0.0026702  0  0
236  retreat  1  0.004  0  0.0022371  0  0.0026702  0  0
237  rhythm  1  0.004  0  0.0022371  0  0.0026702  0  0
238  room  0  0.0017369  1  0.005  0  0.0026702  0  0
239  router  1  0.004  0  0.0022371  0  0.0026702  0  0
240  ruby  2  0.006  0  0.0022371  0  0.0026702  0  0
241  san  1  0.004  0  0.0022371  0  0.0026702  0  0
242  sane  1  0.004  0  0.0022371  0  0.0026702  0  0
243  scaled  1  0.004  0  0.0022371  0  0.0026702  0  0
244  science  1  0.004  1  0.005  0  0.0026702  0  0
245  scientific  1  0.004  0  0.0022371  0  0.0026702  0  0
246  sec  1  0.004  0  0.0022371  0  0.0026702  0  0
247  selfassembly  1  0.004  0  0.0022371  0  0.0026702  0  0
248  should  0  0.0017369  1  0.005  0  0.0026702  0  0
249  show  0  0.0017369  0  0.0022371  8  0.029  0  0
250  simple  0  0.0017369  0  0.0022371  1  0.006  0  0
251  simplecoin  1  0.004  0  0.0022371  0  0.0026702  0  0
252  site  1  0.004  0  0.0022371  0  0.0026702  0  0
253  software  0  0.0017369  1  0.005  0  0.0026702  0  0
254  solution  0  0.0017369  1  0.005  0  0.0026702  0  0
255  solved  1  0.004  0  0.0022371  0  0.0026702  0  0
256  sooner  1  0.004  0  0.0022371  0  0.0026702  0  0
257  source  0  0.0017369  0  0.0022371  1  0.006  0  0
258  space  1  0.004  0  0.0022371  0  0.0026702  0  0
259  span  0  0.0017369  1  0.005  0  0.0026702  0  0
260  sparse  1  0.004  0  0.0022371  0  0.0026702  0  0
261  specific  1  0.004  0  0.0022371  0  0.0026702  0  0
262  speech  1  0.004  0  0.0022371  0  0.0026702  0  0
263  state  1  0.004  0  0.0022371  0  0.0026702  0  0
264  stopped  1  0.004  0  0.0022371  0  0.0026702  0  0
265  store  1  0.004  0  0.0022371  0  0.0026702  0  0
266  succeed  0  0.0017369  1  0.005  0  0.0026702  0  0
267  table  2  0.006  0  0.0022371  0  0.0026702  0  0
268  teaching  1  0.004  0  0.0022371  0  0.0026702  0  0
269  technical  0  0.0017369  1  0.005  0  0.0026702  0  0
270  techrelated  0  0.0017369  1  0.005  0  0.0026702  0  0
271  terminal  1  0.004  0  0.0022371  0  0.0026702  0  0
272  testing  1  0.004  0  0.0022371  0  0.0026702  0  0
273  than  1  0.004  0  0.0022371  0  0.0026702  0  0
274  that  0  0.0017369  1  0.005  0  0.0026702  0  0
275  the  12  0.028  2  0.008  1  0.006  0  0
276  therapy  1  0.004  0  0.0022371  0  0.0026702  0  0
277  there  0  0.0017369  1  0.005  0  0.0026702  0  0
278  thin  1  0.004  0  0.0022371  0  0.0026702  0  0
279  think  1  0.004  0  0.0022371  0  0.0026702  0  0
280  this  1  0.004  0  0.0022371  0  0.0026702  0  0
281  threat  1  0.004  0  0.0022371  0  0.0026702  0  0
282  ticker  0  0.0017369  0  0.0022371  1  0.006  0  0
283  time  1  0.004  0  0.0022371  0  0.0026702  0  0
284  to  9  0.021  4  0.013  1  0.006  0  0
285  tool  1  0.004  0  0.0022371  0  0.0026702  0  0
286  top  1  0.004  0  0.0022371  0  0.0026702  0  0
287  toshi  1  0.004  0  0.0022371  0  0.0026702  0  0
288  trend  0  0.0017369  1  0.005  0  0.0026702  0  0
289  ugliest  0  0.0017369  1  0.005  0  0.0026702  0  0
290  united  1  0.004  0  0.0022371  0  0.0026702  0  0
291  up  1  0.004  0  0.0022371  0  0.0026702  0  0
292  urban  1  0.004  0  0.0022371  0  0.0026702  0  0
293  version  0  0.0017369  1  0.005  0  0.0026702  0  0
294  video  0  0.0017369  0  0.0022371  1  0.006  0  0
295  volcanic  1  0.004  0  0.0022371  0  0.0026702  0  0
296  wa  0  0.0017369  1  0.005  0  0.0026702  0  0
297  want  0  0.0017369  1  0.005  0  0.0026702  0  0
298  wav2letter  1  0.004  0  0.0022371  0  0.0026702  0  0
299  way  1  0.004  0  0.0022371  0  0.0026702  0  0
300  we  1  0.004  0  0.0022371  0  0.0026702  0  0
301  web  0  0.0017369  1  0.005  1  0.006  0  0
302  week  1  0.004  0  0.0022371  0  0.0026702  0  0
303  what  0  0.0017369  6  0.019  0  0.0026702  0  0
304  whats  1  0.004  0  0.0022371  0  0.0026702  0  0
305  when  1  0.004  0  0.0022371  0  0.0026702  0  0
306  will  1  0.004  0  0.0022371  0  0.0026702  0  0
307  winter  1  0.004  0  0.0022371  0  0.0026702  0  0
308  without  1  0.004  1  0.005  0  0.0026702  0  0
309  work  0  0.0017369  1  0.005  1  0.006  0  0
310  would  0  0.0017369  1  0.005  0  0.0026702  0  0
311  write  3  0.008  0  0.0022371  0  0.0026702  0  0
312  xmr  0  0.0017369  0  0.0022371  1  0.006  0  0
313  year  2  0.006  2  0.008  0  0.0026702  0  0
314  you  2  0.006  6  0.019  0  0.0026702  0  0
315  your  1  0.004  2  0.008  0  0.0026702  0  0
316  zone  1  0.004  0  0.0022371  0  0.0026702  0  0
317  â  3  0.008  0  0.0022371  1  0.006  0  0
