1  2010  1  -2.397940008672037  0  -2.720150617603176  0  -2.6117211365403605  0  0
2  2017  2  -2.1549019599857426  2  -1.9999999999999996  0  -2.6117211365403605  0  0
3  2018  0  -2.863913902615902  3  -1.886056647693163  0  -2.6117211365403605  0  0
4  25th  1  -2.397940008672037  0  -2.720150617603176  0  -2.6117211365403605  0  0
5  3  2  -2.1549019599857426  0  -2.720150617603176  0  -2.6117211365403605  0  0
6  34  1  -2.397940008672037  0  -2.720150617603176  0  -2.6117211365403605  0  0
7  37000  1  -2.397940008672037  0  -2.720150617603176  0  -2.6117211365403605  0  0
8  3d  0  -2.863913902615902  1  -2.221848749616356  0  -2.6117211365403605  0  0
9  3x3  1  -2.397940008672037  0  -2.720150617603176  0  -2.6117211365403605  0  0
10  415  1  -2.397940008672037  0  -2.720150617603176  0  -2.6117211365403605  0  0
11  7  1  -2.397940008672037  0  -2.720150617603176  0  -2.6117211365403605  0  0
12  acme  0  -2.863913902615902  0  -2.720150617603176  1  -2.1549019599857426  0  0
13  air  2  -2.1549019599857426  0  -2.720150617603176  0  -2.6117211365403605  0  0
14  airport  1  -2.397940008672037  0  -2.720150617603176  0  -2.6117211365403605  0  0
15  altco  0  -2.863913902615902  0  -2.720150617603176  1  -2.1549019599857426  0  0
16  application  2  -2.1549019599857426  0  -2.720150617603176  0  -2.6117211365403605  0  0
17  apps  0  -2.863913902615902  1  -2.221848749616356  0  -2.6117211365403605  0  0
18  arsenal  1  -2.397940008672037  0  -2.720150617603176  0  -2.6117211365403605  0  0
19  ash  1  -2.397940008672037  0  -2.720150617603176  0  -2.6117211365403605  0  0
20  ask  0  -2.863913902615902  18  -1.154901959985743  0  -2.6117211365403605  0  0
21  attendorganize  0  -2.863913902615902  0  -2.720150617603176  1  -2.1549019599857426  0  0
22  attention  0  -2.863913902615902  1  -2.221848749616356  0  -2.6117211365403605  0  0
23  authorize  1  -2.397940008672037  0  -2.720150617603176  0  -2.6117211365403605  0  0
24  bcn  0  -2.863913902615902  0  -2.720150617603176  1  -2.1549019599857426  0  0
25  beat  1  -2.397940008672037  0  -2.720150617603176  0  -2.6117211365403605  0  0
26  beijing  1  -2.397940008672037  0  -2.720150617603176  0  -2.6117211365403605  0  0
27  berlin  0  -2.863913902615902  1  -2.221848749616356  0  -2.6117211365403605  0  0
28  best  1  -2.397940008672037  0  -2.720150617603176  0  -2.6117211365403605  0  0
29  blog  0  -2.863913902615902  0  -2.720150617603176  1  -2.1549019599857426  0  0
30  board  1  -2.397940008672037  0  -2.720150617603176  0  -2.6117211365403605  0  0
31  book  1  -2.397940008672037  1  -2.221848749616356  0  -2.6117211365403605  0  0
32  brandbusiness  0  -2.863913902615902  1  -2.221848749616356  0  -2.6117211365403605  0  0
33  breaking  1  -2.397940008672037  0  -2.720150617603176  0  -2.6117211365403605  0  0
34  breakthrough  1  -2.397940008672037  0  -2.720150617603176  0  -2.6117211365403605  0  0
35  browser  1  -2.397940008672037  0  -2.720150617603176  1  -2.1549019599857426  0  0
36  bsp  1  -2.397940008672037  0  -2.720150617603176  0  -2.6117211365403605  0  0
37  c  1  -2.397940008672037  0  -2.720150617603176  0  -2.6117211365403605  0  0
38  cad  0  -2.863913902615902  1  -2.221848749616356  0  -2.6117211365403605  0  0
39  called  1  -2.397940008672037  0  -2.720150617603176  0  -2.6117211365403605  0  0
40  came  1  -2.397940008672037  0  -2.720150617603176  0  -2.6117211365403605  0  0
41  cap  1  -2.397940008672037  0  -2.720150617603176  0  -2.6117211365403605  0  0
42  capturing  1  -2.397940008672037  0  -2.720150617603176  0  -2.6117211365403605  0  0
43  card  0  -2.863913902615902  0  -2.720150617603176  1  -2.1549019599857426  0  0
44  case  1  -2.397940008672037  0  -2.720150617603176  0  -2.6117211365403605  0  0
45  change  0  -2.863913902615902  1  -2.221848749616356  0  -2.6117211365403605  0  0
46  chrome  0  -2.863913902615902  0  -2.720150617603176  1  -2.1549019599857426  0  0
47  city  1  -2.397940008672037  0  -2.720150617603176  0  -2.6117211365403605  0  0
48  clipper  0  -2.863913902615902  0  -2.720150617603176  1  -2.1549019599857426  0  0
49  coin  1  -2.397940008672037  0  -2.720150617603176  0  -2.6117211365403605  0  0
50  collage  0  -2.863913902615902  0  -2.720150617603176  1  -2.1549019599857426  0  0
51  collection  1  -2.397940008672037  0  -2.720150617603176  0  -2.6117211365403605  0  0
52  complete  1  -2.397940008672037  0  -2.720150617603176  0  -2.6117211365403605  0  0
53  computer  1  -2.397940008672037  1  -2.221848749616356  0  -2.6117211365403605  0  0
54  consulting  0  -2.863913902615902  1  -2.221848749616356  0  -2.6117211365403605  0  0
55  control  0  -2.863913902615902  1  -2.221848749616356  0  -2.6117211365403605  0  0
56  controversial  1  -2.397940008672037  0  -2.720150617603176  0  -2.6117211365403605  0  0
57  conversion  0  -2.863913902615902  0  -2.720150617603176  1  -2.1549019599857426  0  0
58  cook  0  -2.863913902615902  1  -2.221848749616356  0  -2.6117211365403605  0  0
59  copyonwrite  1  -2.397940008672037  0  -2.720150617603176  0  -2.6117211365403605  0  0
60  could  1  -2.397940008672037  0  -2.720150617603176  0  -2.6117211365403605  0  0
61  create  0  -2.863913902615902  0  -2.720150617603176  1  -2.1549019599857426  0  0
62  crypto  0  -2.863913902615902  0  -2.720150617603176  1  -2.1549019599857426  0  0
63  csv  0  -2.863913902615902  0  -2.720150617603176  1  -2.1549019599857426  0  0
64  custom  1  -2.397940008672037  0  -2.720150617603176  0  -2.6117211365403605  0  0
65  dapp  1  -2.397940008672037  0  -2.720150617603176  0  -2.6117211365403605  0  0
66  death  1  -2.397940008672037  0  -2.720150617603176  0  -2.6117211365403605  0  0
67  decision  0  -2.863913902615902  1  -2.221848749616356  0  -2.6117211365403605  0  0
68  degree  0  -2.863913902615902  1  -2.221848749616356  0  -2.6117211365403605  0  0
69  demo  0  -2.863913902615902  1  -2.221848749616356  0  -2.6117211365403605  0  0
70  deploying  0  -2.863913902615902  1  -2.221848749616356  0  -2.6117211365403605  0  0
71  development  0  -2.863913902615902  1  -2.221848749616356  0  -2.6117211365403605  0  0
72  diligence  0  -2.863913902615902  1  -2.221848749616356  0  -2.6117211365403605  0  0
73  dna  1  -2.397940008672037  0  -2.720150617603176  0  -2.6117211365403605  0  0
74  domain  0  -2.863913902615902  1  -2.221848749616356  0  -2.6117211365403605  0  0
75  dont  0  -2.863913902615902  1  -2.221848749616356  0  -2.6117211365403605  0  0
76  due  0  -2.863913902615902  1  -2.221848749616356  0  -2.6117211365403605  0  0
77  embody  1  -2.397940008672037  0  -2.720150617603176  0  -2.6117211365403605  0  0
78  employer  0  -2.863913902615902  1  -2.221848749616356  0  -2.6117211365403605  0  0
79  end  2  -2.1549019599857426  0  -2.720150617603176  0  -2.6117211365403605  0  0
80  enjoys  1  -2.397940008672037  0  -2.720150617603176  0  -2.6117211365403605  0  0
81  ethereum  1  -2.397940008672037  0  -2.720150617603176  0  -2.6117211365403605  0  0
82  etn  0  -2.863913902615902  0  -2.720150617603176  1  -2.1549019599857426  0  0
83  event  0  -2.863913902615902  1  -2.221848749616356  1  -2.1549019599857426  0  0
84  expansion  1  -2.397940008672037  0  -2.720150617603176  0  -2.6117211365403605  0  0
85  exponential  0  -2.863913902615902  0  -2.720150617603176  1  -2.1549019599857426  0  0
86  express  2  -2.1549019599857426  0  -2.720150617603176  0  -2.6117211365403605  0  0
87  facebooks  0  -2.863913902615902  1  -2.221848749616356  0  -2.6117211365403605  0  0
88  fair  1  -2.397940008672037  0  -2.720150617603176  0  -2.6117211365403605  0  0
89  fallacy  1  -2.397940008672037  0  -2.720150617603176  0  -2.6117211365403605  0  0
90  faster  1  -2.397940008672037  0  -2.720150617603176  0  -2.6117211365403605  0  0
91  feature  0  -2.863913902615902  1  -2.221848749616356  0  -2.6117211365403605  0  0
92  file  0  -2.863913902615902  1  -2.221848749616356  0  -2.6117211365403605  0  0
93  five  1  -2.397940008672037  0  -2.720150617603176  0  -2.6117211365403605  0  0
94  foot  1  -2.397940008672037  0  -2.720150617603176  0  -2.6117211365403605  0  0
95  foundation  1  -2.397940008672037  0  -2.720150617603176  0  -2.6117211365403605  0  0
96  framework  0  -2.863913902615902  1  -2.221848749616356  0  -2.6117211365403605  0  0
97  francisco  1  -2.397940008672037  0  -2.720150617603176  0  -2.6117211365403605  0  0
98  friendly  1  -2.397940008672037  0  -2.720150617603176  0  -2.6117211365403605  0  0
99  function  1  -2.397940008672037  0  -2.720150617603176  0  -2.6117211365403605  0  0
100  garbage  1  -2.397940008672037  0  -2.720150617603176  0  -2.6117211365403605  0  0
101  genetic  1  -2.397940008672037  0  -2.720150617603176  0  -2.6117211365403605  0  0
102  glass  1  -2.397940008672037  0  -2.720150617603176  0  -2.6117211365403605  0  0
103  google  1  -2.397940008672037  0  -2.720150617603176  0  -2.6117211365403605  0  0
104  ha  1  -2.397940008672037  0  -2.720150617603176  0  -2.6117211365403605  0  0
105  hacker  1  -2.397940008672037  0  -2.720150617603176  0  -2.6117211365403605  0  0
106  hackernews  0  -2.863913902615902  0  -2.720150617603176  1  -2.1549019599857426  0  0
107  happen  1  -2.397940008672037  0  -2.720150617603176  0  -2.6117211365403605  0  0
108  happy  1  -2.397940008672037  0  -2.720150617603176  0  -2.6117211365403605  0  0
109  harassment  1  -2.397940008672037  0  -2.720150617603176  0  -2.6117211365403605  0  0
110  high  1  -2.397940008672037  0  -2.720150617603176  0  -2.6117211365403605  0  0
111  important  1  -2.397940008672037  0  -2.720150617603176  0  -2.6117211365403605  0  0
112  improve  0  -2.863913902615902  1  -2.221848749616356  0  -2.6117211365403605  0  0
113  inbrowser  0  -2.863913902615902  0  -2.720150617603176  1  -2.1549019599857426  0  0
114  interactive  0  -2.863913902615902  1  -2.221848749616356  0  -2.6117211365403605  0  0
115  ioccc  1  -2.397940008672037  0  -2.720150617603176  0  -2.6117211365403605  0  0
116  iota  1  -2.397940008672037  1  -2.221848749616356  0  -2.6117211365403605  0  0
117  isolation  2  -2.1549019599857426  0  -2.720150617603176  0  -2.6117211365403605  0  0
118  isp  1  -2.397940008672037  0  -2.720150617603176  0  -2.6117211365403605  0  0
119  javascript  0  -2.863913902615902  1  -2.221848749616356  1  -2.1549019599857426  0  0
120  job  1  -2.397940008672037  0  -2.720150617603176  0  -2.6117211365403605  0  0
121  joining  0  -2.863913902615902  1  -2.221848749616356  0  -2.6117211365403605  0  0
122  jongun  1  -2.397940008672037  0  -2.720150617603176  0  -2.6117211365403605  0  0
123  jumbo  1  -2.397940008672037  0  -2.720150617603176  0  -2.6117211365403605  0  0
124  kernel  1  -2.397940008672037  0  -2.720150617603176  0  -2.6117211365403605  0  0
125  kim  1  -2.397940008672037  0  -2.720150617603176  0  -2.6117211365403605  0  0
126  korea  1  -2.397940008672037  0  -2.720150617603176  0  -2.6117211365403605  0  0
127  last  0  -2.863913902615902  1  -2.221848749616356  0  -2.6117211365403605  0  0
128  learn  0  -2.863913902615902  2  -1.9999999999999996  1  -2.1549019599857426  0  0
129  learning  1  -2.397940008672037  0  -2.720150617603176  0  -2.6117211365403605  0  0
130  led  1  -2.397940008672037  0  -2.720150617603176  0  -2.6117211365403605  0  0
131  level  1  -2.397940008672037  0  -2.720150617603176  0  -2.6117211365403605  0  0
132  library  1  -2.397940008672037  0  -2.720150617603176  0  -2.6117211365403605  0  0
133  limited  0  -2.863913902615902  1  -2.221848749616356  0  -2.6117211365403605  0  0
134  linus  1  -2.397940008672037  0  -2.720150617603176  0  -2.6117211365403605  0  0
135  linux  2  -2.1549019599857426  0  -2.720150617603176  0  -2.6117211365403605  0  0
136  list  1  -2.397940008672037  0  -2.720150617603176  0  -2.6117211365403605  0  0
137  listen  0  -2.863913902615902  1  -2.221848749616356  0  -2.6117211365403605  0  0
138  listening  1  -2.397940008672037  0  -2.720150617603176  0  -2.6117211365403605  0  0
139  local  0  -2.863913902615902  0  -2.720150617603176  1  -2.1549019599857426  0  0
140  main  1  -2.397940008672037  0  -2.720150617603176  0  -2.6117211365403605  0  0
141  make  1  -2.397940008672037  0  -2.720150617603176  0  -2.6117211365403605  0  0
142  making  0  -2.863913902615902  1  -2.221848749616356  0  -2.6117211365403605  0  0
143  market  0  -2.863913902615902  1  -2.221848749616356  0  -2.6117211365403605  0  0
144  meetups  0  -2.863913902615902  0  -2.720150617603176  1  -2.1549019599857426  0  0
145  merges  1  -2.397940008672037  0  -2.720150617603176  0  -2.6117211365403605  0  0
146  metric  1  -2.397940008672037  0  -2.720150617603176  0  -2.6117211365403605  0  0
147  microservices  1  -2.397940008672037  0  -2.720150617603176  0  -2.6117211365403605  0  0
148  middleware  2  -2.1549019599857426  0  -2.720150617603176  0  -2.6117211365403605  0  0
149  miner  0  -2.863913902615902  0  -2.720150617603176  1  -2.1549019599857426  0  0
150  mouse  0  -2.863913902615902  0  -2.720150617603176  1  -2.1549019599857426  0  0
151  movingcollage  0  -2.863913902615902  0  -2.720150617603176  1  -2.1549019599857426  0  0
152  mysterious  1  -2.397940008672037  0  -2.720150617603176  0  -2.6117211365403605  0  0
153  name  0  -2.863913902615902  3  -1.886056647693163  0  -2.6117211365403605  0  0
154  national  2  -2.1549019599857426  0  -2.720150617603176  0  -2.6117211365403605  0  0
155  network  1  -2.397940008672037  0  -2.720150617603176  0  -2.6117211365403605  0  0
156  new  1  -2.397940008672037  2  -1.9999999999999996  0  -2.6117211365403605  0  0
157  news  2  -2.1549019599857426  0  -2.720150617603176  0  -2.6117211365403605  0  0
158  noah  2  -2.1549019599857426  0  -2.720150617603176  0  -2.6117211365403605  0  0
159  nonprofit  0  -2.863913902615902  1  -2.221848749616356  0  -2.6117211365403605  0  0
160  north  1  -2.397940008672037  0  -2.720150617603176  0  -2.6117211365403605  0  0
161  nuclear  1  -2.397940008672037  0  -2.720150617603176  0  -2.6117211365403605  0  0
162  online  0  -2.863913902615902  0  -2.720150617603176  1  -2.1549019599857426  0  0
163  open  1  -2.397940008672037  0  -2.720150617603176  1  -2.1549019599857426  0  0
164  page  2  -2.1549019599857426  0  -2.720150617603176  0  -2.6117211365403605  0  0
165  patch  2  -2.1549019599857426  0  -2.720150617603176  0  -2.6117211365403605  0  0
166  pdf  0  -2.863913902615902  0  -2.720150617603176  1  -2.1549019599857426  0  0
167  perform  0  -2.863913902615902  1  -2.221848749616356  0  -2.6117211365403605  0  0
168  performance  1  -2.397940008672037  0  -2.720150617603176  0  -2.6117211365403605  0  0
169  philippine  1  -2.397940008672037  0  -2.720150617603176  0  -2.6117211365403605  0  0
170  picasso  1  -2.397940008672037  0  -2.720150617603176  0  -2.6117211365403605  0  0
171  planning  0  -2.863913902615902  1  -2.221848749616356  0  -2.6117211365403605  0  0
172  plirus  1  -2.397940008672037  0  -2.720150617603176  0  -2.6117211365403605  0  0
173  podcasts  0  -2.863913902615902  1  -2.221848749616356  0  -2.6117211365403605  0  0
174  police  1  -2.397940008672037  0  -2.720150617603176  0  -2.6117211365403605  0  0
175  possible  1  -2.397940008672037  1  -2.221848749616356  0  -2.6117211365403605  0  0
176  problem  1  -2.397940008672037  0  -2.720150617603176  0  -2.6117211365403605  0  0
177  program  1  -2.397940008672037  0  -2.720150617603176  0  -2.6117211365403605  0  0
178  project  0  -2.863913902615902  0  -2.720150617603176  1  -2.1549019599857426  0  0
179  protester  1  -2.397940008672037  0  -2.720150617603176  0  -2.6117211365403605  0  0
180  provider  0  -2.863913902615902  1  -2.221848749616356  0  -2.6117211365403605  0  0
181  pseudoscience  1  -2.397940008672037  0  -2.720150617603176  0  -2.6117211365403605  0  0
182  psychosis  1  -2.397940008672037  0  -2.720150617603176  0  -2.6117211365403605  0  0
183  pulse  1  -2.397940008672037  0  -2.720150617603176  0  -2.6117211365403605  0  0
184  python  2  -2.1549019599857426  0  -2.720150617603176  0  -2.6117211365403605  0  0
185  quality  1  -2.397940008672037  0  -2.720150617603176  0  -2.6117211365403605  0  0
186  quiet  1  -2.397940008672037  0  -2.720150617603176  0  -2.6117211365403605  0  0
187  r  1  -2.397940008672037  0  -2.720150617603176  0  -2.6117211365403605  0  0
188  radio  1  -2.397940008672037  0  -2.720150617603176  0  -2.6117211365403605  0  0
189  read  0  -2.863913902615902  1  -2.221848749616356  0  -2.6117211365403605  0  0
190  recognition  1  -2.397940008672037  0  -2.720150617603176  0  -2.6117211365403605  0  0
191  recommendation  0  -2.863913902615902  1  -2.221848749616356  0  -2.6117211365403605  0  0
192  redox  1  -2.397940008672037  0  -2.720150617603176  0  -2.6117211365403605  0  0
193  registrar  0  -2.863913902615902  1  -2.221848749616356  0  -2.6117211365403605  0  0
194  regret  1  -2.397940008672037  0  -2.720150617603176  0  -2.6117211365403605  0  0
195  remember  0  -2.863913902615902  1  -2.221848749616356  0  -2.6117211365403605  0  0
196  remove  1  -2.397940008672037  0  -2.720150617603176  0  -2.6117211365403605  0  0
197  require  0  -2.863913902615902  1  -2.221848749616356  0  -2.6117211365403605  0  0
198  reserve  1  -2.397940008672037  0  -2.720150617603176  0  -2.6117211365403605  0  0
199  resolution  0  -2.863913902615902  3  -1.886056647693163  0  -2.6117211365403605  0  0
200  resource  0  -2.863913902615902  1  -2.221848749616356  0  -2.6117211365403605  0  0
201  retreat  1  -2.397940008672037  0  -2.720150617603176  0  -2.6117211365403605  0  0
202  rhythm  1  -2.397940008672037  0  -2.720150617603176  0  -2.6117211365403605  0  0
203  room  0  -2.863913902615902  1  -2.221848749616356  0  -2.6117211365403605  0  0
204  router  1  -2.397940008672037  0  -2.720150617603176  0  -2.6117211365403605  0  0
205  ruby  2  -2.1549019599857426  0  -2.720150617603176  0  -2.6117211365403605  0  0
206  san  1  -2.397940008672037  0  -2.720150617603176  0  -2.6117211365403605  0  0
207  sane  1  -2.397940008672037  0  -2.720150617603176  0  -2.6117211365403605  0  0
208  scaled  1  -2.397940008672037  0  -2.720150617603176  0  -2.6117211365403605  0  0
209  science  1  -2.397940008672037  1  -2.221848749616356  0  -2.6117211365403605  0  0
210  scientific  1  -2.397940008672037  0  -2.720150617603176  0  -2.6117211365403605  0  0
211  sec  1  -2.397940008672037  0  -2.720150617603176  0  -2.6117211365403605  0  0
212  selfassembly  1  -2.397940008672037  0  -2.720150617603176  0  -2.6117211365403605  0  0
213  show  0  -2.863913902615902  0  -2.720150617603176  8  -1.3767507096020994  0  0
214  simple  0  -2.863913902615902  0  -2.720150617603176  1  -2.1549019599857426  0  0
215  simplecoin  1  -2.397940008672037  0  -2.720150617603176  0  -2.6117211365403605  0  0
216  site  1  -2.397940008672037  0  -2.720150617603176  0  -2.6117211365403605  0  0
217  software  0  -2.863913902615902  1  -2.221848749616356  0  -2.6117211365403605  0  0
218  solution  0  -2.863913902615902  1  -2.221848749616356  0  -2.6117211365403605  0  0
219  solved  1  -2.397940008672037  0  -2.720150617603176  0  -2.6117211365403605  0  0
220  sooner  1  -2.397940008672037  0  -2.720150617603176  0  -2.6117211365403605  0  0
221  source  0  -2.863913902615902  0  -2.720150617603176  1  -2.1549019599857426  0  0
222  space  1  -2.397940008672037  0  -2.720150617603176  0  -2.6117211365403605  0  0
223  span  0  -2.863913902615902  1  -2.221848749616356  0  -2.6117211365403605  0  0
224  sparse  1  -2.397940008672037  0  -2.720150617603176  0  -2.6117211365403605  0  0
225  specific  1  -2.397940008672037  0  -2.720150617603176  0  -2.6117211365403605  0  0
226  speech  1  -2.397940008672037  0  -2.720150617603176  0  -2.6117211365403605  0  0
227  state  1  -2.397940008672037  0  -2.720150617603176  0  -2.6117211365403605  0  0
228  stopped  1  -2.397940008672037  0  -2.720150617603176  0  -2.6117211365403605  0  0
229  store  1  -2.397940008672037  0  -2.720150617603176  0  -2.6117211365403605  0  0
230  succeed  0  -2.863913902615902  1  -2.221848749616356  0  -2.6117211365403605  0  0
231  table  2  -2.1549019599857426  0  -2.720150617603176  0  -2.6117211365403605  0  0
232  teaching  1  -2.397940008672037  0  -2.720150617603176  0  -2.6117211365403605  0  0
233  technical  0  -2.863913902615902  1  -2.221848749616356  0  -2.6117211365403605  0  0
234  techrelated  0  -2.863913902615902  1  -2.221848749616356  0  -2.6117211365403605  0  0
235  terminal  1  -2.397940008672037  0  -2.720150617603176  0  -2.6117211365403605  0  0
236  testing  1  -2.397940008672037  0  -2.720150617603176  0  -2.6117211365403605  0  0
237  therapy  1  -2.397940008672037  0  -2.720150617603176  0  -2.6117211365403605  0  0
238  thin  1  -2.397940008672037  0  -2.720150617603176  0  -2.6117211365403605  0  0
239  think  1  -2.397940008672037  0  -2.720150617603176  0  -2.6117211365403605  0  0
240  threat  1  -2.397940008672037  0  -2.720150617603176  0  -2.6117211365403605  0  0
241  ticker  0  -2.863913902615902  0  -2.720150617603176  1  -2.1549019599857426  0  0
242  time  1  -2.397940008672037  0  -2.720150617603176  0  -2.6117211365403605  0  0
243  tool  1  -2.397940008672037  0  -2.720150617603176  0  -2.6117211365403605  0  0
244  top  1  -2.397940008672037  0  -2.720150617603176  0  -2.6117211365403605  0  0
245  toshi  1  -2.397940008672037  0  -2.720150617603176  0  -2.6117211365403605  0  0
246  trend  0  -2.863913902615902  1  -2.221848749616356  0  -2.6117211365403605  0  0
247  ugliest  0  -2.863913902615902  1  -2.221848749616356  0  -2.6117211365403605  0  0
248  united  1  -2.397940008672037  0  -2.720150617603176  0  -2.6117211365403605  0  0
249  urban  1  -2.397940008672037  0  -2.720150617603176  0  -2.6117211365403605  0  0
250  version  0  -2.863913902615902  1  -2.221848749616356  0  -2.6117211365403605  0  0
251  video  0  -2.863913902615902  0  -2.720150617603176  1  -2.1549019599857426  0  0
252  volcanic  1  -2.397940008672037  0  -2.720150617603176  0  -2.6117211365403605  0  0
253  wa  0  -2.863913902615902  1  -2.221848749616356  0  -2.6117211365403605  0  0
254  want  0  -2.863913902615902  1  -2.221848749616356  0  -2.6117211365403605  0  0
255  wav2letter  1  -2.397940008672037  0  -2.720150617603176  0  -2.6117211365403605  0  0
256  way  1  -2.397940008672037  0  -2.720150617603176  0  -2.6117211365403605  0  0
257  web  0  -2.863913902615902  1  -2.221848749616356  1  -2.1549019599857426  0  0
258  week  1  -2.397940008672037  0  -2.720150617603176  0  -2.6117211365403605  0  0
259  whats  1  -2.397940008672037  0  -2.720150617603176  0  -2.6117211365403605  0  0
260  winter  1  -2.397940008672037  0  -2.720150617603176  0  -2.6117211365403605  0  0
261  without  1  -2.397940008672037  1  -2.221848749616356  0  -2.6117211365403605  0  0
262  work  0  -2.863913902615902  1  -2.221848749616356  1  -2.1549019599857426  0  0
263  would  0  -2.863913902615902  1  -2.221848749616356  0  -2.6117211365403605  0  0
264  write  3  -1.9999999999999996  0  -2.720150617603176  0  -2.6117211365403605  0  0
265  xmr  0  -2.863913902615902  0  -2.720150617603176  1  -2.1549019599857426  0  0
266  year  2  -2.1549019599857426  2  -1.9999999999999996  0  -2.6117211365403605  0  0
267  zone  1  -2.397940008672037  0  -2.720150617603176  0  -2.6117211365403605  0  0
268  â  3  -1.9999999999999996  0  -2.720150617603176  1  -2.1549019599857426  0  0
