1  1996  1  -2.5228787452803374  0  -2.6989700043360183  0  -2.6989700043360183  0  0
2  2002  1  -2.5228787452803374  0  -2.6989700043360183  0  -2.6989700043360183  0  0
3  2010  1  -2.5228787452803374  0  -2.6989700043360183  0  -2.6989700043360183  0  0
4  2011  1  -2.5228787452803374  0  -2.6989700043360183  0  -2.6989700043360183  0  0
5  2013  2  -2.397940008672037  0  -2.6989700043360183  0  -2.6989700043360183  0  0
6  2014  1  -2.5228787452803374  0  -2.6989700043360183  0  -2.6989700043360183  0  0
7  2016  1  -2.5228787452803374  0  -2.6989700043360183  0  -2.6989700043360183  0  0
8  2017  3  -2.221848749616356  2  -2.0969100130080562  0  -2.6989700043360183  0  0
9  2018  0  -2.9999999999999996  3  -1.9208187539523751  0  -2.6989700043360183  0  0
10  25th  1  -2.5228787452803374  0  -2.6989700043360183  0  -2.6989700043360183  0  0
11  2min  1  -2.5228787452803374  0  -2.6989700043360183  0  -2.6989700043360183  0  0
12  37000  1  -2.5228787452803374  0  -2.6989700043360183  0  -2.6989700043360183  0  0
13  3x3  1  -2.5228787452803374  0  -2.6989700043360183  0  -2.6989700043360183  0  0
14  415  1  -2.5228787452803374  0  -2.6989700043360183  0  -2.6989700043360183  0  0
15  50m  1  -2.5228787452803374  0  -2.6989700043360183  0  -2.6989700043360183  0  0
16  acme  0  -2.9999999999999996  0  -2.6989700043360183  1  -2.221848749616356  0  0
17  air  2  -2.397940008672037  0  -2.6989700043360183  0  -2.6989700043360183  0  0
18  airborne  1  -2.5228787452803374  0  -2.6989700043360183  0  -2.6989700043360183  0  0
19  airport  1  -2.5228787452803374  0  -2.6989700043360183  0  -2.6989700043360183  0  0
20  altco  0  -2.9999999999999996  0  -2.6989700043360183  1  -2.221848749616356  0  0
21  amazon  2  -2.397940008672037  0  -2.6989700043360183  0  -2.6989700043360183  0  0
22  apple  2  -2.397940008672037  0  -2.6989700043360183  0  -2.6989700043360183  0  0
23  applying  1  -2.5228787452803374  0  -2.6989700043360183  0  -2.6989700043360183  0  0
24  apps  1  -2.5228787452803374  1  -2.301029995663981  0  -2.6989700043360183  0  0
25  arrive  1  -2.5228787452803374  0  -2.6989700043360183  0  -2.6989700043360183  0  0
26  arsenal  1  -2.5228787452803374  0  -2.6989700043360183  0  -2.6989700043360183  0  0
27  ash  1  -2.5228787452803374  0  -2.6989700043360183  0  -2.6989700043360183  0  0
28  ask  0  -2.9999999999999996  18  -1.200659450546418  0  -2.6989700043360183  0  0
29  attack  1  -2.5228787452803374  0  -2.6989700043360183  0  -2.6989700043360183  0  0
30  bake  1  -2.5228787452803374  0  -2.6989700043360183  0  -2.6989700043360183  0  0
31  basic  1  -2.5228787452803374  0  -2.6989700043360183  0  -2.6989700043360183  0  0
32  battery  1  -2.5228787452803374  0  -2.6989700043360183  0  -2.6989700043360183  0  0
33  bcn  0  -2.9999999999999996  0  -2.6989700043360183  1  -2.221848749616356  0  0
34  beat  1  -2.5228787452803374  0  -2.6989700043360183  0  -2.6989700043360183  0  0
35  begin  1  -2.5228787452803374  0  -2.6989700043360183  0  -2.6989700043360183  0  0
36  beijing  1  -2.5228787452803374  0  -2.6989700043360183  0  -2.6989700043360183  0  0
37  believe  1  -2.5228787452803374  0  -2.6989700043360183  0  -2.6989700043360183  0  0
38  berlin  0  -2.9999999999999996  1  -2.301029995663981  0  -2.6989700043360183  0  0
39  best  1  -2.5228787452803374  0  -2.6989700043360183  0  -2.6989700043360183  0  0
40  block  1  -2.5228787452803374  0  -2.6989700043360183  0  -2.6989700043360183  0  0
41  blog  1  -2.5228787452803374  0  -2.6989700043360183  1  -2.221848749616356  0  0
42  blood  2  -2.397940008672037  0  -2.6989700043360183  0  -2.6989700043360183  0  0
43  board  1  -2.5228787452803374  0  -2.6989700043360183  0  -2.6989700043360183  0  0
44  body  1  -2.5228787452803374  0  -2.6989700043360183  0  -2.6989700043360183  0  0
45  book  1  -2.5228787452803374  1  -2.301029995663981  0  -2.6989700043360183  0  0
46  boom  1  -2.5228787452803374  0  -2.6989700043360183  0  -2.6989700043360183  0  0
47  bootcamp  1  -2.5228787452803374  0  -2.6989700043360183  0  -2.6989700043360183  0  0
48  brain  1  -2.5228787452803374  0  -2.6989700043360183  0  -2.6989700043360183  0  0
49  breaking  1  -2.5228787452803374  0  -2.6989700043360183  0  -2.6989700043360183  0  0
50  browser  1  -2.5228787452803374  0  -2.6989700043360183  1  -2.221848749616356  0  0
51  bsp  1  -2.5228787452803374  0  -2.6989700043360183  0  -2.6989700043360183  0  0
52  cad  0  -2.9999999999999996  1  -2.301029995663981  0  -2.6989700043360183  0  0
53  called  1  -2.5228787452803374  0  -2.6989700043360183  0  -2.6989700043360183  0  0
54  came  1  -2.5228787452803374  0  -2.6989700043360183  0  -2.6989700043360183  0  0
55  cap  1  -2.5228787452803374  0  -2.6989700043360183  0  -2.6989700043360183  0  0
56  car  1  -2.5228787452803374  0  -2.6989700043360183  0  -2.6989700043360183  0  0
57  card  0  -2.9999999999999996  0  -2.6989700043360183  1  -2.221848749616356  0  0
58  case  1  -2.5228787452803374  0  -2.6989700043360183  0  -2.6989700043360183  0  0
59  chain  1  -2.5228787452803374  0  -2.6989700043360183  0  -2.6989700043360183  0  0
60  change  0  -2.9999999999999996  1  -2.301029995663981  0  -2.6989700043360183  0  0
61  chatroom  1  -2.5228787452803374  0  -2.6989700043360183  0  -2.6989700043360183  0  0
62  china  2  -2.397940008672037  0  -2.6989700043360183  0  -2.6989700043360183  0  0
63  chrome  0  -2.9999999999999996  0  -2.6989700043360183  1  -2.221848749616356  0  0
64  city  1  -2.5228787452803374  0  -2.6989700043360183  0  -2.6989700043360183  0  0
65  cixl  1  -2.5228787452803374  0  -2.6989700043360183  0  -2.6989700043360183  0  0
66  class  1  -2.5228787452803374  0  -2.6989700043360183  0  -2.6989700043360183  0  0
67  clipper  0  -2.9999999999999996  0  -2.6989700043360183  1  -2.221848749616356  0  0
68  clue  1  -2.5228787452803374  0  -2.6989700043360183  0  -2.6989700043360183  0  0
69  clutch  1  -2.5228787452803374  0  -2.6989700043360183  0  -2.6989700043360183  0  0
70  coding  1  -2.5228787452803374  0  -2.6989700043360183  0  -2.6989700043360183  0  0
71  coin  1  -2.5228787452803374  0  -2.6989700043360183  0  -2.6989700043360183  0  0
72  coinbase  1  -2.5228787452803374  0  -2.6989700043360183  0  -2.6989700043360183  0  0
73  collage  0  -2.9999999999999996  0  -2.6989700043360183  1  -2.221848749616356  0  0
74  comeback  1  -2.5228787452803374  0  -2.6989700043360183  0  -2.6989700043360183  0  0
75  complete  1  -2.5228787452803374  0  -2.6989700043360183  0  -2.6989700043360183  0  0
76  computer  2  -2.397940008672037  1  -2.301029995663981  0  -2.6989700043360183  0  0
77  control  0  -2.9999999999999996  1  -2.301029995663981  0  -2.6989700043360183  0  0
78  cook  0  -2.9999999999999996  1  -2.301029995663981  0  -2.6989700043360183  0  0
79  could  2  -2.397940008672037  0  -2.6989700043360183  0  -2.6989700043360183  0  0
80  create  0  -2.9999999999999996  0  -2.6989700043360183  1  -2.221848749616356  0  0
81  crypto  0  -2.9999999999999996  0  -2.6989700043360183  1  -2.221848749616356  0  0
82  csv  0  -2.9999999999999996  0  -2.6989700043360183  1  -2.221848749616356  0  0
83  culture  1  -2.5228787452803374  0  -2.6989700043360183  0  -2.6989700043360183  0  0
84  custom  1  -2.5228787452803374  0  -2.6989700043360183  0  -2.6989700043360183  0  0
85  dapp  1  -2.5228787452803374  0  -2.6989700043360183  0  -2.6989700043360183  0  0
86  death  1  -2.5228787452803374  0  -2.6989700043360183  0  -2.6989700043360183  0  0
87  decently  1  -2.5228787452803374  0  -2.6989700043360183  0  -2.6989700043360183  0  0
88  decision  0  -2.9999999999999996  1  -2.301029995663981  0  -2.6989700043360183  0  0
89  degree  0  -2.9999999999999996  1  -2.301029995663981  0  -2.6989700043360183  0  0
90  demo  1  -2.5228787452803374  1  -2.301029995663981  0  -2.6989700043360183  0  0
91  depth  1  -2.5228787452803374  0  -2.6989700043360183  0  -2.6989700043360183  0  0
92  device  1  -2.5228787452803374  0  -2.6989700043360183  0  -2.6989700043360183  0  0
93  discord  1  -2.5228787452803374  0  -2.6989700043360183  0  -2.6989700043360183  0  0
94  dna  1  -2.5228787452803374  0  -2.6989700043360183  0  -2.6989700043360183  0  0
95  doe  1  -2.5228787452803374  0  -2.6989700043360183  0  -2.6989700043360183  0  0
96  domain  0  -2.9999999999999996  1  -2.301029995663981  0  -2.6989700043360183  0  0
97  dont  0  -2.9999999999999996  1  -2.301029995663981  0  -2.6989700043360183  0  0
98  donât  2  -2.397940008672037  0  -2.6989700043360183  0  -2.6989700043360183  0  0
99  dream  1  -2.5228787452803374  0  -2.6989700043360183  0  -2.6989700043360183  0  0
100  due  0  -2.9999999999999996  1  -2.301029995663981  0  -2.6989700043360183  0  0
101  egg  1  -2.5228787452803374  0  -2.6989700043360183  0  -2.6989700043360183  0  0
102  elon  1  -2.5228787452803374  0  -2.6989700043360183  0  -2.6989700043360183  0  0
103  embody  1  -2.5228787452803374  0  -2.6989700043360183  0  -2.6989700043360183  0  0
104  employer  0  -2.9999999999999996  1  -2.301029995663981  0  -2.6989700043360183  0  0
105  end  2  -2.397940008672037  0  -2.6989700043360183  0  -2.6989700043360183  0  0
106  enjoys  1  -2.5228787452803374  0  -2.6989700043360183  0  -2.6989700043360183  0  0
107  entity  1  -2.5228787452803374  0  -2.6989700043360183  0  -2.6989700043360183  0  0
108  ethereum  1  -2.5228787452803374  0  -2.6989700043360183  0  -2.6989700043360183  0  0
109  etn  0  -2.9999999999999996  0  -2.6989700043360183  1  -2.221848749616356  0  0
110  event  0  -2.9999999999999996  1  -2.301029995663981  1  -2.221848749616356  0  0
111  expected  1  -2.5228787452803374  0  -2.6989700043360183  0  -2.6989700043360183  0  0
112  express  2  -2.397940008672037  0  -2.6989700043360183  0  -2.6989700043360183  0  0
113  fair  1  -2.5228787452803374  0  -2.6989700043360183  0  -2.6989700043360183  0  0
114  fallacy  1  -2.5228787452803374  0  -2.6989700043360183  0  -2.6989700043360183  0  0
115  far  1  -2.5228787452803374  0  -2.6989700043360183  0  -2.6989700043360183  0  0
116  faster  1  -2.5228787452803374  0  -2.6989700043360183  0  -2.6989700043360183  0  0
117  feature  0  -2.9999999999999996  1  -2.301029995663981  0  -2.6989700043360183  0  0
118  field  1  -2.5228787452803374  0  -2.6989700043360183  0  -2.6989700043360183  0  0
119  fight  1  -2.5228787452803374  0  -2.6989700043360183  0  -2.6989700043360183  0  0
120  file  0  -2.9999999999999996  1  -2.301029995663981  0  -2.6989700043360183  0  0
121  five  1  -2.5228787452803374  0  -2.6989700043360183  0  -2.6989700043360183  0  0
122  flywheel  1  -2.5228787452803374  0  -2.6989700043360183  0  -2.6989700043360183  0  0
123  foot  1  -2.5228787452803374  0  -2.6989700043360183  0  -2.6989700043360183  0  0
124  fossil  1  -2.5228787452803374  0  -2.6989700043360183  0  -2.6989700043360183  0  0
125  found  1  -2.5228787452803374  0  -2.6989700043360183  0  -2.6989700043360183  0  0
126  friendly  1  -2.5228787452803374  0  -2.6989700043360183  0  -2.6989700043360183  0  0
127  fry  1  -2.5228787452803374  0  -2.6989700043360183  0  -2.6989700043360183  0  0
128  function  1  -2.5228787452803374  0  -2.6989700043360183  0  -2.6989700043360183  0  0
129  garbage  1  -2.5228787452803374  0  -2.6989700043360183  0  -2.6989700043360183  0  0
130  genetic  1  -2.5228787452803374  0  -2.6989700043360183  0  -2.6989700043360183  0  0
131  give  1  -2.5228787452803374  0  -2.6989700043360183  0  -2.6989700043360183  0  0
132  glass  1  -2.5228787452803374  0  -2.6989700043360183  0  -2.6989700043360183  0  0
133  global  1  -2.5228787452803374  0  -2.6989700043360183  0  -2.6989700043360183  0  0
134  google  2  -2.397940008672037  0  -2.6989700043360183  0  -2.6989700043360183  0  0
135  hacker  1  -2.5228787452803374  0  -2.6989700043360183  0  -2.6989700043360183  0  0
136  happen  1  -2.5228787452803374  0  -2.6989700043360183  0  -2.6989700043360183  0  0
137  happy  1  -2.5228787452803374  0  -2.6989700043360183  0  -2.6989700043360183  0  0
138  harp  1  -2.5228787452803374  0  -2.6989700043360183  0  -2.6989700043360183  0  0
139  haul  1  -2.5228787452803374  0  -2.6989700043360183  0  -2.6989700043360183  0  0
140  hereâs  1  -2.5228787452803374  0  -2.6989700043360183  0  -2.6989700043360183  0  0
141  high  1  -2.5228787452803374  0  -2.6989700043360183  0  -2.6989700043360183  0  0
142  human  1  -2.5228787452803374  0  -2.6989700043360183  0  -2.6989700043360183  0  0
143  hundred  1  -2.5228787452803374  0  -2.6989700043360183  0  -2.6989700043360183  0  0
144  image  1  -2.5228787452803374  0  -2.6989700043360183  0  -2.6989700043360183  0  0
145  improve  0  -2.9999999999999996  1  -2.301029995663981  0  -2.6989700043360183  0  0
146  interest  1  -2.5228787452803374  0  -2.6989700043360183  0  -2.6989700043360183  0  0
147  ioccc  1  -2.5228787452803374  0  -2.6989700043360183  0  -2.6989700043360183  0  0
148  iota  1  -2.5228787452803374  1  -2.301029995663981  0  -2.6989700043360183  0  0
149  iran  1  -2.5228787452803374  0  -2.6989700043360183  0  -2.6989700043360183  0  0
150  isp  1  -2.5228787452803374  0  -2.6989700043360183  0  -2.6989700043360183  0  0
151  ivory  1  -2.5228787452803374  0  -2.6989700043360183  0  -2.6989700043360183  0  0
152  job  2  -2.397940008672037  0  -2.6989700043360183  0  -2.6989700043360183  0  0
153  joining  0  -2.9999999999999996  1  -2.301029995663981  0  -2.6989700043360183  0  0
154  jongun  1  -2.5228787452803374  0  -2.6989700043360183  0  -2.6989700043360183  0  0
155  judging  1  -2.5228787452803374  0  -2.6989700043360183  0  -2.6989700043360183  0  0
156  jumbo  1  -2.5228787452803374  0  -2.6989700043360183  0  -2.6989700043360183  0  0
157  kenyan  1  -2.5228787452803374  0  -2.6989700043360183  0  -2.6989700043360183  0  0
158  kernel  1  -2.5228787452803374  0  -2.6989700043360183  0  -2.6989700043360183  0  0
159  kim  1  -2.5228787452803374  0  -2.6989700043360183  0  -2.6989700043360183  0  0
160  korea  1  -2.5228787452803374  0  -2.6989700043360183  0  -2.6989700043360183  0  0
161  land  1  -2.5228787452803374  0  -2.6989700043360183  0  -2.6989700043360183  0  0
162  language  2  -2.397940008672037  0  -2.6989700043360183  0  -2.6989700043360183  0  0
163  last  0  -2.9999999999999996  1  -2.301029995663981  0  -2.6989700043360183  0  0
164  learn  0  -2.9999999999999996  2  -2.0969100130080562  1  -2.221848749616356  0  0
165  learned  1  -2.5228787452803374  0  -2.6989700043360183  0  -2.6989700043360183  0  0
166  learning  2  -2.397940008672037  0  -2.6989700043360183  0  -2.6989700043360183  0  0
167  led  1  -2.5228787452803374  0  -2.6989700043360183  0  -2.6989700043360183  0  0
168  legal  1  -2.5228787452803374  0  -2.6989700043360183  0  -2.6989700043360183  0  0
169  let  1  -2.5228787452803374  0  -2.6989700043360183  0  -2.6989700043360183  0  0
170  level  1  -2.5228787452803374  0  -2.6989700043360183  0  -2.6989700043360183  0  0
171  library  1  -2.5228787452803374  0  -2.6989700043360183  0  -2.6989700043360183  0  0
172  life  1  -2.5228787452803374  0  -2.6989700043360183  0  -2.6989700043360183  0  0
173  like  1  -2.5228787452803374  0  -2.6989700043360183  0  -2.6989700043360183  0  0
174  limited  0  -2.9999999999999996  1  -2.301029995663981  0  -2.6989700043360183  0  0
175  linus  1  -2.5228787452803374  0  -2.6989700043360183  0  -2.6989700043360183  0  0
176  linux  2  -2.397940008672037  0  -2.6989700043360183  0  -2.6989700043360183  0  0
177  linuxiot  1  -2.5228787452803374  0  -2.6989700043360183  0  -2.6989700043360183  0  0
178  list  1  -2.5228787452803374  0  -2.6989700043360183  0  -2.6989700043360183  0  0
179  listen  0  -2.9999999999999996  1  -2.301029995663981  0  -2.6989700043360183  0  0
180  local  0  -2.9999999999999996  0  -2.6989700043360183  1  -2.221848749616356  0  0
181  logic  1  -2.5228787452803374  0  -2.6989700043360183  0  -2.6989700043360183  0  0
182  logical  1  -2.5228787452803374  0  -2.6989700043360183  0  -2.6989700043360183  0  0
183  machine  2  -2.397940008672037  0  -2.6989700043360183  0  -2.6989700043360183  0  0
184  made  1  -2.5228787452803374  0  -2.6989700043360183  0  -2.6989700043360183  0  0
185  main  1  -2.5228787452803374  0  -2.6989700043360183  0  -2.6989700043360183  0  0
186  make  1  -2.5228787452803374  0  -2.6989700043360183  0  -2.6989700043360183  0  0
187  making  0  -2.9999999999999996  1  -2.301029995663981  0  -2.6989700043360183  0  0
188  market  0  -2.9999999999999996  1  -2.301029995663981  0  -2.6989700043360183  0  0
189  medium  1  -2.5228787452803374  0  -2.6989700043360183  0  -2.6989700043360183  0  0
190  meeting  1  -2.5228787452803374  0  -2.6989700043360183  0  -2.6989700043360183  0  0
191  meetups  0  -2.9999999999999996  0  -2.6989700043360183  1  -2.221848749616356  0  0
192  merges  1  -2.5228787452803374  0  -2.6989700043360183  0  -2.6989700043360183  0  0
193  metric  1  -2.5228787452803374  0  -2.6989700043360183  0  -2.6989700043360183  0  0
194  miner  0  -2.9999999999999996  0  -2.6989700043360183  1  -2.221848749616356  0  0
195  minimal  1  -2.5228787452803374  0  -2.6989700043360183  0  -2.6989700043360183  0  0
196  mobile  1  -2.5228787452803374  0  -2.6989700043360183  0  -2.6989700043360183  0  0
197  month  1  -2.5228787452803374  0  -2.6989700043360183  0  -2.6989700043360183  0  0
198  moon  1  -2.5228787452803374  0  -2.6989700043360183  0  -2.6989700043360183  0  0
199  mouse  0  -2.9999999999999996  0  -2.6989700043360183  1  -2.221848749616356  0  0
200  move  1  -2.5228787452803374  0  -2.6989700043360183  0  -2.6989700043360183  0  0
201  name  0  -2.9999999999999996  3  -1.9208187539523751  0  -2.6989700043360183  0  0
202  national  2  -2.397940008672037  0  -2.6989700043360183  0  -2.6989700043360183  0  0
203  network  2  -2.397940008672037  0  -2.6989700043360183  0  -2.6989700043360183  0  0
204  new  5  -1.9999999999999996  2  -2.0969100130080562  0  -2.6989700043360183  0  0
205  news  2  -2.397940008672037  0  -2.6989700043360183  0  -2.6989700043360183  0  0
206  noah  2  -2.397940008672037  0  -2.6989700043360183  0  -2.6989700043360183  0  0
207  north  1  -2.5228787452803374  0  -2.6989700043360183  0  -2.6989700043360183  0  0
208  nuclear  1  -2.5228787452803374  0  -2.6989700043360183  0  -2.6989700043360183  0  0
209  oil  1  -2.5228787452803374  0  -2.6989700043360183  0  -2.6989700043360183  0  0
210  older  1  -2.5228787452803374  0  -2.6989700043360183  0  -2.6989700043360183  0  0
211  oneâs  1  -2.5228787452803374  0  -2.6989700043360183  0  -2.6989700043360183  0  0
212  online  1  -2.5228787452803374  0  -2.6989700043360183  1  -2.221848749616356  0  0
213  open  1  -2.5228787452803374  0  -2.6989700043360183  1  -2.221848749616356  0  0
214  others  1  -2.5228787452803374  0  -2.6989700043360183  0  -2.6989700043360183  0  0
215  page  2  -2.397940008672037  0  -2.6989700043360183  0  -2.6989700043360183  0  0
216  paper  1  -2.5228787452803374  0  -2.6989700043360183  0  -2.6989700043360183  0  0
217  part  1  -2.5228787452803374  0  -2.6989700043360183  0  -2.6989700043360183  0  0
218  patch  2  -2.397940008672037  0  -2.6989700043360183  0  -2.6989700043360183  0  0
219  pattern  1  -2.5228787452803374  0  -2.6989700043360183  0  -2.6989700043360183  0  0
220  pdf  2  -2.397940008672037  0  -2.6989700043360183  1  -2.221848749616356  0  0
221  pearl  1  -2.5228787452803374  0  -2.6989700043360183  0  -2.6989700043360183  0  0
222  pen  1  -2.5228787452803374  0  -2.6989700043360183  0  -2.6989700043360183  0  0
223  people  2  -2.397940008672037  0  -2.6989700043360183  0  -2.6989700043360183  0  0
224  perform  0  -2.9999999999999996  1  -2.301029995663981  0  -2.6989700043360183  0  0
225  phone  1  -2.5228787452803374  0  -2.6989700043360183  0  -2.6989700043360183  0  0
226  photoâs  1  -2.5228787452803374  0  -2.6989700043360183  0  -2.6989700043360183  0  0
227  picasso  1  -2.5228787452803374  0  -2.6989700043360183  0  -2.6989700043360183  0  0
228  planning  0  -2.9999999999999996  1  -2.301029995663981  0  -2.6989700043360183  0  0
229  plirus  1  -2.5228787452803374  0  -2.6989700043360183  0  -2.6989700043360183  0  0
230  podcasts  0  -2.9999999999999996  1  -2.301029995663981  0  -2.6989700043360183  0  0
231  police  1  -2.5228787452803374  0  -2.6989700043360183  0  -2.6989700043360183  0  0
232  possible  1  -2.5228787452803374  1  -2.301029995663981  0  -2.6989700043360183  0  0
233  problem  2  -2.397940008672037  0  -2.6989700043360183  0  -2.6989700043360183  0  0
234  program  1  -2.5228787452803374  0  -2.6989700043360183  0  -2.6989700043360183  0  0
235  project  0  -2.9999999999999996  0  -2.6989700043360183  1  -2.221848749616356  0  0
236  protest  1  -2.5228787452803374  0  -2.6989700043360183  0  -2.6989700043360183  0  0
237  provider  0  -2.9999999999999996  1  -2.301029995663981  0  -2.6989700043360183  0  0
238  pulse  1  -2.5228787452803374  0  -2.6989700043360183  0  -2.6989700043360183  0  0
239  put  1  -2.5228787452803374  0  -2.6989700043360183  0  -2.6989700043360183  0  0
240  python  2  -2.397940008672037  0  -2.6989700043360183  0  -2.6989700043360183  0  0
241  quality  2  -2.397940008672037  0  -2.6989700043360183  0  -2.6989700043360183  0  0
242  quantum  1  -2.5228787452803374  0  -2.6989700043360183  0  -2.6989700043360183  0  0
243  quiet  1  -2.5228787452803374  0  -2.6989700043360183  0  -2.6989700043360183  0  0
244  radio  1  -2.5228787452803374  0  -2.6989700043360183  0  -2.6989700043360183  0  0
245  rarest  1  -2.5228787452803374  0  -2.6989700043360183  0  -2.6989700043360183  0  0
246  read  0  -2.9999999999999996  1  -2.301029995663981  0  -2.6989700043360183  0  0
247  redox  1  -2.5228787452803374  0  -2.6989700043360183  0  -2.6989700043360183  0  0
248  regret  1  -2.5228787452803374  0  -2.6989700043360183  0  -2.6989700043360183  0  0
249  remember  0  -2.9999999999999996  1  -2.301029995663981  0  -2.6989700043360183  0  0
250  remotely  1  -2.5228787452803374  0  -2.6989700043360183  0  -2.6989700043360183  0  0
251  remove  1  -2.5228787452803374  0  -2.6989700043360183  0  -2.6989700043360183  0  0
252  require  0  -2.9999999999999996  1  -2.301029995663981  0  -2.6989700043360183  0  0
253  research  1  -2.5228787452803374  0  -2.6989700043360183  0  -2.6989700043360183  0  0
254  reserve  1  -2.5228787452803374  0  -2.6989700043360183  0  -2.6989700043360183  0  0
255  resource  0  -2.9999999999999996  1  -2.301029995663981  0  -2.6989700043360183  0  0
256  retreat  1  -2.5228787452803374  0  -2.6989700043360183  0  -2.6989700043360183  0  0
257  rhythm  1  -2.5228787452803374  0  -2.6989700043360183  0  -2.6989700043360183  0  0
258  richer  1  -2.5228787452803374  0  -2.6989700043360183  0  -2.6989700043360183  0  0
259  room  0  -2.9999999999999996  1  -2.301029995663981  0  -2.6989700043360183  0  0
260  router  1  -2.5228787452803374  0  -2.6989700043360183  0  -2.6989700043360183  0  0
261  ruby  2  -2.397940008672037  0  -2.6989700043360183  0  -2.6989700043360183  0  0
262  sabotage  1  -2.5228787452803374  0  -2.6989700043360183  0  -2.6989700043360183  0  0
263  samsung  1  -2.5228787452803374  0  -2.6989700043360183  0  -2.6989700043360183  0  0
264  san  1  -2.5228787452803374  0  -2.6989700043360183  0  -2.6989700043360183  0  0
265  sane  1  -2.5228787452803374  0  -2.6989700043360183  0  -2.6989700043360183  0  0
266  say  1  -2.5228787452803374  0  -2.6989700043360183  0  -2.6989700043360183  0  0
267  scaled  1  -2.5228787452803374  0  -2.6989700043360183  0  -2.6989700043360183  0  0
268  science  2  -2.397940008672037  1  -2.301029995663981  0  -2.6989700043360183  0  0
269  sec  1  -2.5228787452803374  0  -2.6989700043360183  0  -2.6989700043360183  0  0
270  shop  1  -2.5228787452803374  0  -2.6989700043360183  0  -2.6989700043360183  0  0
271  show  0  -2.9999999999999996  0  -2.6989700043360183  8  -1.4814860601221123  0  0
272  shuts  1  -2.5228787452803374  0  -2.6989700043360183  0  -2.6989700043360183  0  0
273  side  1  -2.5228787452803374  0  -2.6989700043360183  0  -2.6989700043360183  0  0
274  simple  1  -2.5228787452803374  0  -2.6989700043360183  1  -2.221848749616356  0  0
275  site  1  -2.5228787452803374  0  -2.6989700043360183  0  -2.6989700043360183  0  0
276  slow  1  -2.5228787452803374  0  -2.6989700043360183  0  -2.6989700043360183  0  0
277  social  2  -2.397940008672037  0  -2.6989700043360183  0  -2.6989700043360183  0  0
278  software  0  -2.9999999999999996  1  -2.301029995663981  0  -2.6989700043360183  0  0
279  solution  0  -2.9999999999999996  1  -2.301029995663981  0  -2.6989700043360183  0  0
280  solved  1  -2.5228787452803374  0  -2.6989700043360183  0  -2.6989700043360183  0  0
281  sooner  1  -2.5228787452803374  0  -2.6989700043360183  0  -2.6989700043360183  0  0
282  source  0  -2.9999999999999996  0  -2.6989700043360183  1  -2.221848749616356  0  0
283  space  1  -2.5228787452803374  0  -2.6989700043360183  0  -2.6989700043360183  0  0
284  spacebut  1  -2.5228787452803374  0  -2.6989700043360183  0  -2.6989700043360183  0  0
285  span  0  -2.9999999999999996  1  -2.301029995663981  0  -2.6989700043360183  0  0
286  sparse  1  -2.5228787452803374  0  -2.6989700043360183  0  -2.6989700043360183  0  0
287  specific  1  -2.5228787452803374  0  -2.6989700043360183  0  -2.6989700043360183  0  0
288  speech  1  -2.5228787452803374  0  -2.6989700043360183  0  -2.6989700043360183  0  0
289  spent  1  -2.5228787452803374  0  -2.6989700043360183  0  -2.6989700043360183  0  0
290  spotting  1  -2.5228787452803374  0  -2.6989700043360183  0  -2.6989700043360183  0  0
291  spread  1  -2.5228787452803374  0  -2.6989700043360183  0  -2.6989700043360183  0  0
292  start  1  -2.5228787452803374  0  -2.6989700043360183  0  -2.6989700043360183  0  0
293  state  1  -2.5228787452803374  0  -2.6989700043360183  0  -2.6989700043360183  0  0
294  stop  1  -2.5228787452803374  0  -2.6989700043360183  0  -2.6989700043360183  0  0
295  stopped  1  -2.5228787452803374  0  -2.6989700043360183  0  -2.6989700043360183  0  0
296  store  1  -2.5228787452803374  0  -2.6989700043360183  0  -2.6989700043360183  0  0
297  strain  1  -2.5228787452803374  0  -2.6989700043360183  0  -2.6989700043360183  0  0
298  succeed  0  -2.9999999999999996  1  -2.301029995663981  0  -2.6989700043360183  0  0
299  sugar  1  -2.5228787452803374  0  -2.6989700043360183  0  -2.6989700043360183  0  0
300  supply  1  -2.5228787452803374  0  -2.6989700043360183  0  -2.6989700043360183  0  0
301  table  2  -2.397940008672037  0  -2.6989700043360183  0  -2.6989700043360183  0  0
302  task  1  -2.5228787452803374  0  -2.6989700043360183  0  -2.6989700043360183  0  0
303  teaching  1  -2.5228787452803374  0  -2.6989700043360183  0  -2.6989700043360183  0  0
304  tell  1  -2.5228787452803374  0  -2.6989700043360183  0  -2.6989700043360183  0  0
305  terminal  1  -2.5228787452803374  0  -2.6989700043360183  0  -2.6989700043360183  0  0
306  testing  2  -2.397940008672037  0  -2.6989700043360183  0  -2.6989700043360183  0  0
307  therapy  1  -2.5228787452803374  0  -2.6989700043360183  0  -2.6989700043360183  0  0
308  thin  1  -2.5228787452803374  0  -2.6989700043360183  0  -2.6989700043360183  0  0
309  think  1  -2.5228787452803374  0  -2.6989700043360183  0  -2.6989700043360183  0  0
310  threat  1  -2.5228787452803374  0  -2.6989700043360183  0  -2.6989700043360183  0  0
311  ticker  0  -2.9999999999999996  0  -2.6989700043360183  1  -2.221848749616356  0  0
312  time  2  -2.397940008672037  0  -2.6989700043360183  0  -2.6989700043360183  0  0
313  tiny  1  -2.5228787452803374  0  -2.6989700043360183  0  -2.6989700043360183  0  0
314  tool  1  -2.5228787452803374  0  -2.6989700043360183  0  -2.6989700043360183  0  0
315  top  1  -2.5228787452803374  0  -2.6989700043360183  0  -2.6989700043360183  0  0
316  toshi  1  -2.5228787452803374  0  -2.6989700043360183  0  -2.6989700043360183  0  0
317  trade  1  -2.5228787452803374  0  -2.6989700043360183  0  -2.6989700043360183  0  0
318  trend  0  -2.9999999999999996  1  -2.301029995663981  0  -2.6989700043360183  0  0
319  trolley  1  -2.5228787452803374  0  -2.6989700043360183  0  -2.6989700043360183  0  0
320  twitter  1  -2.5228787452803374  0  -2.6989700043360183  0  -2.6989700043360183  0  0
321  type  1  -2.5228787452803374  0  -2.6989700043360183  0  -2.6989700043360183  0  0
322  typed  1  -2.5228787452803374  0  -2.6989700043360183  0  -2.6989700043360183  0  0
323  ugliest  0  -2.9999999999999996  1  -2.301029995663981  0  -2.6989700043360183  0  0
324  united  1  -2.5228787452803374  0  -2.6989700043360183  0  -2.6989700043360183  0  0
325  urban  1  -2.5228787452803374  0  -2.6989700043360183  0  -2.6989700043360183  0  0
326  user  1  -2.5228787452803374  0  -2.6989700043360183  0  -2.6989700043360183  0  0
327  using  2  -2.397940008672037  0  -2.6989700043360183  0  -2.6989700043360183  0  0
328  variable  1  -2.5228787452803374  0  -2.6989700043360183  0  -2.6989700043360183  0  0
329  version  0  -2.9999999999999996  1  -2.301029995663981  0  -2.6989700043360183  0  0
330  video  1  -2.5228787452803374  0  -2.6989700043360183  1  -2.221848749616356  0  0
331  volcanic  1  -2.5228787452803374  0  -2.6989700043360183  0  -2.6989700043360183  0  0
332  vote  1  -2.5228787452803374  0  -2.6989700043360183  0  -2.6989700043360183  0  0
333  want  1  -2.5228787452803374  1  -2.301029995663981  0  -2.6989700043360183  0  0
334  way  1  -2.5228787452803374  0  -2.6989700043360183  0  -2.6989700043360183  0  0
335  web  0  -2.9999999999999996  1  -2.301029995663981  1  -2.221848749616356  0  0
336  week  1  -2.5228787452803374  0  -2.6989700043360183  0  -2.6989700043360183  0  0
337  weird  1  -2.5228787452803374  0  -2.6989700043360183  0  -2.6989700043360183  0  0
338  whats  1  -2.5228787452803374  0  -2.6989700043360183  0  -2.6989700043360183  0  0
339  whenever  1  -2.5228787452803374  0  -2.6989700043360183  0  -2.6989700043360183  0  0
340  winter  1  -2.5228787452803374  0  -2.6989700043360183  0  -2.6989700043360183  0  0
341  without  2  -2.397940008672037  1  -2.301029995663981  0  -2.6989700043360183  0  0
342  work  1  -2.5228787452803374  1  -2.301029995663981  1  -2.221848749616356  0  0
343  working  1  -2.5228787452803374  0  -2.6989700043360183  0  -2.6989700043360183  0  0
344  would  0  -2.9999999999999996  1  -2.301029995663981  0  -2.6989700043360183  0  0
345  write  3  -2.221848749616356  0  -2.6989700043360183  0  -2.6989700043360183  0  0
346  xmr  0  -2.9999999999999996  0  -2.6989700043360183  1  -2.221848749616356  0  0
347  year  4  -2.0969100130080562  2  -2.0969100130080562  0  -2.6989700043360183  0  0
348  youre  1  -2.5228787452803374  0  -2.6989700043360183  0  -2.6989700043360183  0  0
349  zone  1  -2.5228787452803374  0  -2.6989700043360183  0  -2.6989700043360183  0  0
