1  2017  21  0.86  6  0.5  0  0.038  0  0
2  2018  17  0.7  11  0.885  0  0.038  0  0
3  a  91  3.66  9  0.731  7  0.577  0  0
4  and  56  2.26  2  0.192  7  0.577  0  0
5  are  13  0.54  9  0.731  0  0.038  0  0
6  ask  1  0.06  42  3.269  0  0.038  0  0
7  for  50  2.02  7  0.577  6  0.5  0  0
8  hn  2  0.1  42  3.269  29  2.269  0  0
9  how  28  1.14  3  0.269  1  0.115  0  0
10  in  88  3.54  15  1.192  2  0.192  0  0
11  is  36  1.46  5  0.423  1  0.115  0  0
12  of  72  2.9  3  0.269  1  0.115  0  0
13  on  37  1.5  2  0.192  2  0.192  0  0
14  show  3  0.14  0  0.038  28  2.192  0  0
15  the  126  5.06  2  0.192  3  0.269  0  0
16  to  91  3.66  14  1.115  3  0.269  0  0
17  what  18  0.74  19  1.5  0  0.038  0  0
18  with  30  1.22  1  0.115  2  0.192  0  0
19  year  25  1.02  3  0.269  0  0.038  0  0
20  you  19  0.78  16  1.269  0  0.038  0  0
21  your  16  0.66  7  0.577  2  0.192  0  0
22  ыт  32  1.3  0  0.038  13  1.038  0  0
