1  2013  6  0.062  0  0.01  0  0.011  0  0
2  2017  21  0.206  6  0.124  0  0.011  0  0
3  2018  17  0.167  11  0.219  0  0.011  0  0
4  a  91  0.876  9  0.181  7  0.161  0  0
5  about  9  0.091  2  0.048  0  0.011  0  0
6  ai  6  0.062  0  0.01  0  0.011  0  0
7  all  5  0.053  0  0.01  1  0.032  0  0
8  an  12  0.12  2  0.048  0  0.011  0  0
9  and  56  0.541  2  0.048  7  0.161  0  0
10  apple  7  0.072  0  0.01  0  0.011  0  0
11  are  13  0.129  9  0.181  0  0.011  0  0
12  ask  1  0.014  42  0.81  0  0.011  0  0
13  at  7  0.072  1  0.029  0  0.011  0  0
14  be  9  0.091  0  0.01  0  0.011  0  0
15  bitcoin  7  0.072  0  0.01  1  0.032  0  0
16  blockchain  6  0.062  0  0.01  0  0.011  0  0
17  book  5  0.053  2  0.048  1  0.032  0  0
18  by  6  0.062  0  0.01  0  0.011  0  0
19  can  9  0.091  2  0.048  0  0.011  0  0
20  change  5  0.053  1  0.029  0  0.011  0  0
21  could  7  0.072  0  0.01  0  0.011  0  0
22  data  7  0.072  0  0.01  0  0.011  0  0
23  digital  6  0.062  0  0.01  0  0.011  0  0
24  do  6  0.062  5  0.105  0  0.011  0  0
25  for  50  0.483  7  0.143  6  0.14  0  0
26  from  16  0.158  1  0.029  1  0.032  0  0
27  game  7  0.072  0  0.01  1  0.032  0  0
28  go  8  0.081  1  0.029  0  0.011  0  0
29  good  6  0.062  0  0.01  0  0.011  0  0
30  google  9  0.091  0  0.01  0  0.011  0  0
31  guide  5  0.053  0  0.01  1  0.032  0  0
32  hn  2  0.024  42  0.81  29  0.634  0  0
33  how  28  0.273  3  0.067  1  0.032  0  0
34  i  17  0.167  2  0.048  0  0.011  0  0
35  in  88  0.847  15  0.295  2  0.054  0  0
36  is  36  0.349  5  0.105  1  0.032  0  0
37  it  14  0.139  1  0.029  0  0.011  0  0
38  javascript  6  0.062  1  0.029  1  0.032  0  0
39  language  6  0.062  1  0.029  0  0.011  0  0
40  learning  7  0.072  0  0.01  0  0.011  0  0
41  life  6  0.062  0  0.01  0  0.011  0  0
42  medium  5  0.053  0  0.01  2  0.054  0  0
43  modern  6  0.062  0  0.01  0  0.011  0  0
44  most  6  0.062  0  0.01  0  0.011  0  0
45  my  6  0.062  3  0.067  2  0.054  0  0
46  new  15  0.148  3  0.067  0  0.011  0  0
47  next  7  0.072  0  0.01  0  0.011  0  0
48  not  8  0.081  0  0.01  0  0.011  0  0
49  now  6  0.062  1  0.029  0  0.011  0  0
50  of  72  0.694  3  0.067  1  0.032  0  0
51  on  37  0.359  2  0.048  2  0.054  0  0
52  open  7  0.072  0  0.01  1  0.032  0  0
53  or  3  0.033  3  0.067  0  0.011  0  0
54  pdf  12  0.12  0  0.01  1  0.032  0  0
55  programming  7  0.072  1  0.029  0  0.011  0  0
56  public  6  0.062  0  0.01  1  0.032  0  0
57  python  5  0.053  0  0.01  1  0.032  0  0
58  read  2  0.024  3  0.067  3  0.075  0  0
59  resolution  3  0.033  5  0.105  1  0.032  0  0
60  review  6  0.062  0  0.01  0  0.011  0  0
61  show  3  0.033  0  0.01  28  0.613  0  0
62  story  5  0.053  0  0.01  1  0.032  0  0
63  tech  6  0.062  1  0.029  0  0.011  0  0
64  that  4  0.043  2  0.048  0  0.011  0  0
65  the  126  1.211  2  0.048  3  0.075  0  0
66  this  7  0.072  0  0.01  0  0.011  0  0
67  time  6  0.062  1  0.029  1  0.032  0  0
68  to  91  0.876  14  0.276  3  0.075  0  0
69  using  8  0.081  1  0.029  0  0.011  0  0
70  v  5  0.053  0  0.01  1  0.032  0  0
71  wa  5  0.053  1  0.029  0  0.011  0  0
72  we  8  0.081  0  0.01  0  0.011  0  0
73  what  18  0.177  19  0.371  0  0.011  0  0
74  why  14  0.139  2  0.048  0  0.011  0  0
75  will  8  0.081  1  0.029  0  0.011  0  0
76  with  30  0.292  1  0.029  2  0.054  0  0
77  work  4  0.043  1  0.029  1  0.032  0  0
78  year  25  0.244  3  0.067  0  0.011  0  0
79  you  19  0.187  16  0.314  0  0.011  0  0
80  your  16  0.158  7  0.143  2  0.054  0  0
81  ыт  32  0.311  0  0.01  13  0.29  0  0
