1  2017  21  0.506  6  0.277  0  0.026  0  0
2  2018  17  0.412  11  0.489  0  0.026  0  0
3  a  91  2.153  9  0.404  7  0.385  0  0
4  about  9  0.224  2  0.106  0  0.026  0  0
5  an  12  0.294  2  0.106  0  0.026  0  0
6  and  56  1.329  2  0.106  7  0.385  0  0
7  are  13  0.318  9  0.404  0  0.026  0  0
8  ask  1  0.035  42  1.809  0  0.026  0  0
9  can  9  0.224  2  0.106  0  0.026  0  0
10  do  6  0.153  5  0.234  0  0.026  0  0
11  for  50  1.188  7  0.319  6  0.333  0  0
12  from  16  0.388  1  0.064  1  0.077  0  0
13  hn  2  0.059  42  1.809  29  1.513  0  0
14  how  28  0.671  3  0.149  1  0.077  0  0
15  i  17  0.412  2  0.106  0  0.026  0  0
16  in  88  2.082  15  0.66  2  0.128  0  0
17  is  36  0.859  5  0.234  1  0.077  0  0
18  it  14  0.341  1  0.064  0  0.026  0  0
19  my  6  0.153  3  0.149  2  0.128  0  0
20  new  15  0.365  3  0.149  0  0.026  0  0
21  of  72  1.706  3  0.149  1  0.077  0  0
22  on  37  0.882  2  0.106  2  0.128  0  0
23  pdf  12  0.294  0  0.021  1  0.077  0  0
24  show  3  0.082  0  0.021  28  1.462  0  0
25  the  126  2.976  2  0.106  3  0.179  0  0
26  to  91  2.153  14  0.617  3  0.179  0  0
27  what  18  0.435  19  0.83  0  0.026  0  0
28  why  14  0.341  2  0.106  0  0.026  0  0
29  with  30  0.718  1  0.064  2  0.128  0  0
30  year  25  0.6  3  0.149  0  0.026  0  0
31  you  19  0.459  16  0.702  0  0.026  0  0
32  your  16  0.388  7  0.319  2  0.128  0  0
33  ыт  32  0.765  0  0.021  13  0.692  0  0
