1  000  2  0.004  0  0.002  0  0.002  0  0
2  1  3  0.005  0  0.002  0  0.002  0  0
3  2  2  0.004  0  0.002  0  0.002  0  0
4  2000  2  0.004  0  0.002  0  0.002  0  0
5  2010  2  0.004  0  0.002  0  0.002  0  0
6  2011  3  0.005  0  0.002  0  0.002  0  0
7  2013  6  0.009  0  0.002  0  0.002  0  0
8  2015  5  0.008  0  0.002  0  0.002  0  0
9  2016  5  0.008  0  0.002  0  0.002  0  0
10  2017  21  0.03  6  0.022  0  0.002  0  0
11  2018  17  0.025  11  0.038  0  0.002  0  0
12  3  4  0.006  0  0.002  0  0.002  0  0
13  40  2  0.004  0  0.002  0  0.002  0  0
14  5  3  0.005  0  0.002  0  0.002  0  0
15  50m  3  0.005  0  0.002  0  0.002  0  0
16  a  91  0.13  9  0.032  7  0.027  0  0
17  about  9  0.013  2  0.008  0  0.002  0  0
18  accomplish  0  0.001  2  0.008  0  0.002  0  0
19  actually  2  0.004  0  0.002  0  0.002  0  0
20  add  2  0.004  0  0.002  0  0.002  0  0
21  after  4  0.006  0  0.002  0  0.002  0  0
22  against  2  0.004  0  0.002  1  0.005  0  0
23  ahead  2  0.004  0  0.002  0  0.002  0  0
24  ai  6  0.009  0  0.002  0  0.002  0  0
25  air  5  0.008  0  0.002  0  0.002  0  0
26  aircraft  2  0.004  0  0.002  0  0.002  0  0
27  alexa  1  0.002  1  0.005  0  0.002  0  0
28  all  5  0.008  0  0.002  1  0.005  0  0
29  alzheimers  2  0.004  0  0.002  0  0.002  0  0
30  amazon  5  0.008  0  0.002  0  0.002  0  0
31  an  12  0.018  2  0.008  0  0.002  0  0
32  and  56  0.08  2  0.008  7  0.027  0  0
33  any  2  0.004  3  0.012  0  0.002  0  0
34  app  2  0.004  0  0.002  2  0.009  0  0
35  apple  7  0.011  0  0.002  0  0.002  0  0
36  application  5  0.008  0  0.002  0  0.002  0  0
37  apps  3  0.005  1  0.005  0  0.002  0  0
38  are  13  0.019  9  0.032  0  0.002  0  0
39  around  3  0.005  0  0.002  0  0.002  0  0
40  art  2  0.004  0  0.002  0  0.002  0  0
41  article  2  0.004  0  0.002  1  0.005  0  0
42  ask  1  0.002  42  0.141  0  0.002  0  0
43  at  7  0.011  1  0.005  0  0.002  0  0
44  attack  2  0.004  0  0.002  0  0.002  0  0
45  audio  1  0.002  0  0.002  1  0.005  0  0
46  aws  2  0.004  0  0.002  0  0.002  0  0
47  back  3  0.005  1  0.005  0  0.002  0  0
48  balance  2  0.004  0  0.002  0  0.002  0  0
49  balancing  2  0.004  0  0.002  0  0.002  0  0
50  ban  2  0.004  0  0.002  0  0.002  0  0
51  based  2  0.004  0  0.002  0  0.002  0  0
52  basic  2  0.004  0  0.002  0  0.002  0  0
53  battery  2  0.004  0  0.002  0  0.002  0  0
54  be  9  0.013  0  0.002  0  0.002  0  0
55  bead  2  0.004  0  0.002  0  0.002  0  0
56  before  0  0.001  2  0.008  0  0.002  0  0
57  begin  2  0.004  0  0.002  0  0.002  0  0
58  behind  2  0.004  0  0.002  0  0.002  0  0
59  believe  2  0.004  0  0.002  0  0.002  0  0
60  best  5  0.008  0  0.002  0  0.002  0  0
61  better  5  0.008  0  0.002  0  0.002  0  0
62  bitcoin  7  0.011  0  0.002  1  0.005  0  0
63  black  3  0.005  0  0.002  0  0.002  0  0
64  blockchain  6  0.009  0  0.002  0  0.002  0  0
65  blog  1  0.002  0  0.002  1  0.005  0  0
66  blood  2  0.004  0  0.002  0  0.002  0  0
67  board  2  0.004  0  0.002  0  0.002  0  0
68  body  3  0.005  0  0.002  0  0.002  0  0
69  book  5  0.008  2  0.008  1  0.005  0  0
70  bounty  0  0.001  0  0.002  2  0.009  0  0
71  brain  3  0.005  0  0.002  0  0.002  0  0
72  browser  3  0.005  0  0.002  1  0.005  0  0
73  bug  0  0.001  0  0.002  3  0.013  0  0
74  build  1  0.002  1  0.005  0  0.002  0  0
75  building  2  0.004  0  0.002  0  0.002  0  0
76  bus  2  0.004  0  0.002  0  0.002  0  0
77  business  2  0.004  0  0.002  0  0.002  0  0
78  but  1  0.002  1  0.005  0  0.002  0  0
79  by  6  0.009  0  0.002  0  0.002  0  0
80  c  4  0.006  0  0.002  0  0.002  0  0
81  california  2  0.004  0  0.002  0  0.002  0  0
82  can  9  0.013  2  0.008  0  0.002  0  0
83  cannabis  2  0.004  0  0.002  0  0.002  0  0
84  cap  3  0.005  0  0.002  0  0.002  0  0
85  carriersû  2  0.004  0  0.002  0  0.002  0  0
86  case  3  0.005  0  0.002  0  0.002  0  0
87  center  2  0.004  0  0.002  0  0.002  0  0
88  chain  2  0.004  0  0.002  0  0.002  0  0
89  change  5  0.008  1  0.005  0  0.002  0  0
90  chatroom  1  0.002  0  0.002  1  0.005  0  0
91  china  3  0.005  0  0.002  0  0.002  0  0
92  chinaûªs  2  0.004  0  0.002  0  0.002  0  0
93  city  4  0.006  0  0.002  0  0.002  0  0
94  class  3  0.005  0  0.002  0  0.002  0  0
95  climate  2  0.004  0  0.002  0  0.002  0  0
96  clue  3  0.005  0  0.002  0  0.002  0  0
97  code  3  0.005  0  0.002  0  0.002  0  0
98  coder  0  0.001  2  0.008  0  0.002  0  0
99  coding  2  0.004  0  0.002  0  0.002  0  0
100  collection  2  0.004  0  0.002  0  0.002  0  0
101  command  1  0.002  0  0.002  1  0.005  0  0
102  commercial  2  0.004  0  0.002  0  0.002  0  0
103  community  4  0.006  0  0.002  0  0.002  0  0
104  company  2  0.004  1  0.005  0  0.002  0  0
105  complete  2  0.004  0  0.002  0  0.002  0  0
106  computer  3  0.005  1  0.005  0  0.002  0  0
107  computing  2  0.004  0  0.002  0  0.002  0  0
108  conflict  0  0.001  0  0.002  2  0.009  0  0
109  connect  1  0.002  1  0.005  0  0.002  0  0
110  consulting  1  0.002  1  0.005  0  0.002  0  0
111  control  2  0.004  1  0.005  0  0.002  0  0
112  controller  2  0.004  0  0.002  0  0.002  0  0
113  cook  1  0.002  1  0.005  0  0.002  0  0
114  could  7  0.011  0  0.002  0  0.002  0  0
115  create  1  0.002  0  0.002  1  0.005  0  0
116  cryptocurrencies  2  0.004  1  0.005  0  0.002  0  0
117  cryptocurrency  2  0.004  0  0.002  0  0.002  0  0
118  culture  2  0.004  0  0.002  0  0.002  0  0
119  curated  2  0.004  0  0.002  0  0.002  0  0
120  custom  2  0.004  0  0.002  0  0.002  0  0
121  daily  1  0.002  0  0.002  1  0.005  0  0
122  data  7  0.011  0  0.002  0  0.002  0  0
123  daughter  2  0.004  0  0.002  1  0.005  0  0
124  decentralized  2  0.004  0  0.002  0  0.002  0  0
125  deep  2  0.004  0  0.002  0  0.002  0  0
126  defy  2  0.004  0  0.002  0  0.002  0  0
127  demo  3  0.005  1  0.005  0  0.002  0  0
128  depth  2  0.004  0  0.002  0  0.002  0  0
129  design  3  0.005  0  0.002  0  0.002  0  0
130  desk  1  0.002  1  0.005  0  0.002  0  0
131  developer  3  0.005  0  0.002  0  0.002  0  0
132  development  3  0.005  1  0.005  0  0.002  0  0
133  device  3  0.005  0  0.002  0  0.002  0  0
134  diabetes  2  0.004  0  0.002  0  0.002  0  0
135  did  2  0.004  3  0.012  0  0.002  0  0
136  digital  6  0.009  0  0.002  0  0.002  0  0
137  do  6  0.009  5  0.018  0  0.002  0  0
138  doe  2  0.004  0  0.002  0  0.002  0  0
139  domain  4  0.006  1  0.005  0  0.002  0  0
140  dont  2  0.004  1  0.005  0  0.002  0  0
141  donûªt  3  0.005  0  0.002  0  0.002  0  0
142  drug  4  0.006  0  0.002  0  0.002  0  0
143  each  2  0.004  0  0.002  0  0.002  0  0
144  early  3  0.005  0  0.002  0  0.002  0  0
145  email  1  0.002  1  0.005  1  0.005  0  0
146  end  4  0.006  0  0.002  0  0.002  0  0
147  engineer  4  0.006  1  0.005  0  0.002  0  0
148  enough  2  0.004  0  0.002  0  0.002  0  0
149  entrepreneurial  2  0.004  0  0.002  0  0.002  0  0
150  es6  1  0.002  0  0.002  1  0.005  0  0
151  event  0  0.001  1  0.005  1  0.005  0  0
152  ever  4  0.006  1  0.005  0  0.002  0  0
153  every  3  0.005  0  0.002  0  0.002  0  0
154  everything  2  0.004  0  0.002  0  0.002  0  0
155  example  2  0.004  0  0.002  0  0.002  0  0
156  experiment  2  0.004  0  0.002  0  0.002  0  0
157  expert  2  0.004  0  0.002  0  0.002  0  0
158  exploration  2  0.004  0  0.002  0  0.002  0  0
159  express  2  0.004  0  0.002  0  0.002  0  0
160  facebook  4  0.006  0  0.002  0  0.002  0  0
161  failed  2  0.004  0  0.002  0  0.002  0  0
162  far  2  0.004  0  0.002  0  0.002  0  0
163  fast  2  0.004  0  0.002  0  0.002  0  0
164  fermat  2  0.004  0  0.002  0  0.002  0  0
165  file  1  0.002  1  0.005  0  0.002  0  0
166  find  3  0.005  0  0.002  0  0.002  0  0
167  first  2  0.004  0  0.002  0  0.002  0  0
168  fix  1  0.002  0  0.002  1  0.005  0  0
169  foot  2  0.004  0  0.002  0  0.002  0  0
170  for  50  0.072  7  0.025  6  0.023  0  0
171  force  2  0.004  0  0.002  0  0.002  0  0
172  formation  2  0.004  0  0.002  0  0.002  0  0
173  foundation  2  0.004  0  0.002  0  0.002  0  0
174  framework  2  0.004  1  0.005  0  0.002  0  0
175  free  3  0.005  1  0.005  0  0.002  0  0
176  freelancer  1  0.002  2  0.008  0  0.002  0  0
177  friend  2  0.004  1  0.005  0  0.002  0  0
178  from  16  0.023  1  0.005  1  0.005  0  0
179  fun  1  0.002  1  0.005  0  0.002  0  0
180  future  4  0.006  0  0.002  0  0.002  0  0
181  galaxy  3  0.005  0  0.002  0  0.002  0  0
182  game  7  0.011  0  0.002  1  0.005  0  0
183  generation  2  0.004  0  0.002  0  0.002  0  0
184  get  3  0.005  0  0.002  0  0.002  0  0
185  getting  2  0.004  0  0.002  0  0.002  0  0
186  github  2  0.004  0  0.002  0  0.002  0  0
187  give  3  0.005  0  0.002  0  0.002  0  0
188  global  4  0.006  0  0.002  0  0.002  0  0
189  go  8  0.012  1  0.005  0  0.002  0  0
190  going  3  0.005  0  0.002  0  0.002  0  0
191  good  6  0.009  0  0.002  0  0.002  0  0
192  goodbye  2  0.004  0  0.002  0  0.002  0  0
193  google  9  0.013  0  0.002  0  0.002  0  0
194  guide  5  0.008  0  0.002  1  0.005  0  0
195  ha  2  0.004  0  0.002  0  0.002  0  0
196  habit  2  0.004  0  0.002  0  0.002  0  0
197  hacker  3  0.005  0  0.002  2  0.009  0  0
198  handle  2  0.004  0  0.002  0  0.002  0  0
199  happen  2  0.004  0  0.002  0  0.002  0  0
200  happy  3  0.005  0  0.002  0  0.002  0  0
201  have  3  0.005  2  0.008  0  0.002  0  0
202  hear  2  0.004  0  0.002  0  0.002  0  0
203  help  3  0.005  0  0.002  0  0.002  0  0
204  here  2  0.004  0  0.002  0  0.002  0  0
205  hidden  2  0.004  0  0.002  0  0.002  0  0
206  hiringû  1  0.002  0  0.002  1  0.005  0  0
207  his  2  0.004  0  0.002  0  0.002  0  0
208  history  4  0.006  0  0.002  0  0.002  0  0
209  hn  2  0.004  42  0.141  29  0.106  0  0
210  hole  2  0.004  0  0.002  0  0.002  0  0
211  how  28  0.04  3  0.012  1  0.005  0  0
212  human  2  0.004  0  0.002  1  0.005  0  0
213  hustle  1  0.002  1  0.005  0  0.002  0  0
214  i  17  0.025  2  0.008  0  0.002  0  0
215  if  3  0.005  0  0.002  0  0.002  0  0
216  image  5  0.008  0  0.002  0  0.002  0  0
217  impact  2  0.004  0  0.002  0  0.002  0  0
218  important  2  0.004  0  0.002  0  0.002  0  0
219  impression  2  0.004  0  0.002  0  0.002  0  0
220  in  88  0.125  15  0.051  2  0.009  0  0
221  income  2  0.004  0  0.002  0  0.002  0  0
222  industry  2  0.004  0  0.002  0  0.002  0  0
223  interest  2  0.004  0  0.002  0  0.002  0  0
224  interview  2  0.004  0  0.002  0  0.002  0  0
225  into  2  0.004  0  0.002  0  0.002  0  0
226  introduction  5  0.008  0  0.002  0  0.002  0  0
227  investing  1  0.002  0  0.002  1  0.005  0  0
228  io  2  0.004  0  0.002  0  0.002  0  0
229  iota  1  0.002  1  0.005  0  0.002  0  0
230  is  36  0.052  5  0.018  1  0.005  0  0
231  isolation  4  0.006  0  0.002  0  0.002  0  0
232  it  14  0.021  1  0.005  0  0.002  0  0
233  itself  2  0.004  0  0.002  0  0.002  0  0
234  itûªs  2  0.004  1  0.005  0  0.002  0  0
235  jan  1  0.002  1  0.005  0  0.002  0  0
236  january  3  0.005  0  0.002  0  0.002  0  0
237  javascript  6  0.009  1  0.005  1  0.005  0  0
238  job  3  0.005  0  0.002  0  0.002  0  0
239  journalism  2  0.004  0  0.002  0  0.002  0  0
240  just  2  0.004  0  0.002  0  0.002  0  0
241  keep  2  0.004  0  0.002  1  0.005  0  0
242  keyboard  2  0.004  0  0.002  0  0.002  0  0
243  know  3  0.005  0  0.002  0  0.002  0  0
244  language  6  0.009  1  0.005  0  0.002  0  0
245  large  2  0.004  0  0.002  0  0.002  0  0
246  last  2  0.004  1  0.005  0  0.002  0  0
247  law  2  0.004  0  0.002  0  0.002  0  0
248  learn  1  0.002  3  0.012  1  0.005  0  0
249  learned  4  0.006  0  0.002  0  0.002  0  0
250  learning  7  0.011  0  0.002  0  0.002  0  0
251  leaving  2  0.004  0  0.002  0  0.002  0  0
252  legal  2  0.004  0  0.002  0  0.002  0  0
253  lesson  1  0.002  1  0.005  0  0.002  0  0
254  let  2  0.004  0  0.002  0  0.002  0  0
255  letter  2  0.004  0  0.002  0  0.002  0  0
256  library  2  0.004  0  0.002  2  0.009  0  0
257  life  6  0.009  0  0.002  0  0.002  0  0
258  light  3  0.005  0  0.002  0  0.002  0  0
259  like  2  0.004  1  0.005  0  0.002  0  0
260  limited  1  0.002  1  0.005  0  0.002  0  0
261  linux  5  0.008  0  0.002  0  0.002  0  0
262  list  3  0.005  0  0.002  1  0.005  0  0
263  listen  1  0.002  1  0.005  1  0.005  0  0
264  listening  2  0.004  0  0.002  0  0.002  0  0
265  load  2  0.004  0  0.002  0  0.002  0  0
266  local  1  0.002  0  0.002  1  0.005  0  0
267  look  4  0.006  0  0.002  0  0.002  0  0
268  loss  2  0.004  0  0.002  0  0.002  0  0
269  machine  5  0.008  0  0.002  0  0.002  0  0
270  make  3  0.005  0  0.002  0  0.002  0  0
271  making  1  0.002  1  0.005  0  0.002  0  0
272  man  2  0.004  0  0.002  0  0.002  0  0
273  market  4  0.006  1  0.005  0  0.002  0  0
274  marketing  2  0.004  0  0.002  0  0.002  0  0
275  math  3  0.005  0  0.002  0  0.002  0  0
276  mathematical  2  0.004  0  0.002  0  0.002  0  0
277  may  4  0.006  0  0.002  0  0.002  0  0
278  medium  5  0.008  0  0.002  2  0.009  0  0
279  memory  3  0.005  0  0.002  0  0.002  0  0
280  microservices  2  0.004  0  0.002  0  0.002  0  0
281  middleware  2  0.004  0  0.002  0  0.002  0  0
282  miner  1  0.002  0  0.002  1  0.005  0  0
283  mobile  2  0.004  0  0.002  0  0.002  0  0
284  model  2  0.004  0  0.002  0  0.002  0  0
285  moderation  2  0.004  0  0.002  0  0.002  0  0
286  modern  6  0.009  0  0.002  0  0.002  0  0
287  month  2  0.004  0  0.002  0  0.002  0  0
288  moon  3  0.005  0  0.002  0  0.002  0  0
289  more  2  0.004  0  0.002  0  0.002  0  0
290  most  6  0.009  0  0.002  0  0.002  0  0
291  mouse  2  0.004  0  0.002  1  0.005  0  0
292  move  2  0.004  0  0.002  0  0.002  0  0
293  much  1  0.002  1  0.005  0  0.002  0  0
294  my  6  0.009  3  0.012  2  0.009  0  0
295  myself  1  0.002  1  0.005  0  0.002  0  0
296  mysterious  3  0.005  0  0.002  0  0.002  0  0
297  name  0  0.001  3  0.012  1  0.005  0  0
298  national  2  0.004  0  0.002  0  0.002  0  0
299  need  3  0.005  0  0.002  0  0.002  0  0
300  netflix  3  0.005  0  0.002  0  0.002  0  0
301  network  5  0.008  0  0.002  0  0.002  0  0
302  new  15  0.022  3  0.012  0  0.002  0  0
303  news  4  0.006  0  0.002  0  0.002  0  0
304  next  7  0.011  0  0.002  0  0.002  0  0
305  no  4  0.006  0  0.002  0  0.002  0  0
306  noah  2  0.004  0  0.002  0  0.002  0  0
307  not  8  0.012  0  0.002  0  0.002  0  0
308  notebook  1  0.002  0  0.002  1  0.005  0  0
309  now  6  0.009  1  0.005  0  0.002  0  0
310  nuclear  2  0.004  0  0.002  0  0.002  0  0
311  o  2  0.004  0  0.002  0  0.002  0  0
312  octodex  2  0.004  0  0.002  0  0.002  0  0
313  of  72  0.103  3  0.012  1  0.005  0  0
314  off  2  0.004  0  0.002  0  0.002  0  0
315  oil  3  0.005  0  0.002  0  0.002  0  0
316  on  37  0.053  2  0.008  2  0.009  0  0
317  one  5  0.008  0  0.002  0  0.002  0  0
318  online  4  0.006  0  0.002  1  0.005  0  0
319  only  4  0.006  0  0.002  0  0.002  0  0
320  open  7  0.011  0  0.002  1  0.005  0  0
321  or  3  0.005  3  0.012  0  0.002  0  0
322  our  3  0.005  0  0.002  0  0.002  0  0
323  out  3  0.005  0  0.002  0  0.002  0  0
324  outage  2  0.004  0  0.002  0  0.002  0  0
325  over  5  0.008  0  0.002  0  0.002  0  0
326  own  4  0.006  0  0.002  0  0.002  0  0
327  page  4  0.006  0  0.002  0  0.002  0  0
328  paper  2  0.004  0  0.002  0  0.002  0  0
329  part  3  0.005  0  0.002  0  0.002  0  0
330  passenger  2  0.004  0  0.002  0  0.002  0  0
331  password  2  0.004  0  0.002  0  0.002  0  0
332  patch  4  0.006  0  0.002  0  0.002  0  0
333  pattern  2  0.004  0  0.002  0  0.002  0  0
334  payment  2  0.004  0  0.002  0  0.002  0  0
335  pdf  12  0.018  0  0.002  1  0.005  0  0
336  people  4  0.006  0  0.002  0  0.002  0  0
337  phone  2  0.004  0  0.002  0  0.002  0  0
338  photo  2  0.004  0  0.002  0  0.002  0  0
339  photography  2  0.004  0  0.002  0  0.002  0  0
340  pipeline  2  0.004  0  0.002  0  0.002  0  0
341  plan  2  0.004  0  0.002  0  0.002  0  0
342  planning  0  0.001  2  0.008  0  0.002  0  0
343  possible  1  0.002  1  0.005  0  0.002  0  0
344  power  3  0.005  0  0.002  0  0.002  0  0
345  prediction  2  0.004  0  0.002  1  0.005  0  0
346  price  1  0.002  0  0.002  1  0.005  0  0
347  problem  3  0.005  0  0.002  0  0.002  0  0
348  program  2  0.004  0  0.002  1  0.005  0  0
349  programming  7  0.011  1  0.005  0  0.002  0  0
350  project  3  0.005  1  0.005  1  0.005  0  0
351  proof  1  0.002  1  0.005  0  0.002  0  0
352  protection  2  0.004  0  0.002  0  0.002  0  0
353  provide  2  0.004  0  0.002  0  0.002  0  0
354  proxying  2  0.004  0  0.002  0  0.002  0  0
355  psychology  2  0.004  0  0.002  0  0.002  0  0
356  public  6  0.009  0  0.002  1  0.005  0  0
357  put  3  0.005  0  0.002  0  0.002  0  0
358  python  5  0.008  0  0.002  1  0.005  0  0
359  quality  3  0.005  0  0.002  0  0.002  0  0
360  question  2  0.004  1  0.005  0  0.002  0  0
361  quote  3  0.005  0  0.002  0  0.002  0  0
362  r  2  0.004  0  0.002  0  0.002  0  0
363  read  2  0.004  3  0.012  3  0.013  0  0
364  reading  2  0.004  0  0.002  0  0.002  0  0
365  really  1  0.002  1  0.005  0  0.002  0  0
366  reddit  2  0.004  0  0.002  0  0.002  0  0
367  redismodules  2  0.004  0  0.002  0  0.002  0  0
368  reminder  0  0.001  0  0.002  2  0.009  0  0
369  repl  2  0.004  0  0.002  0  0.002  0  0
370  report  3  0.005  0  0.002  0  0.002  0  0
371  require  1  0.002  1  0.005  0  0.002  0  0
372  research  3  0.005  0  0.002  0  0.002  0  0
373  resolution  3  0.005  5  0.018  1  0.005  0  0
374  resource  3  0.005  1  0.005  0  0.002  0  0
375  responsibility  2  0.004  0  0.002  0  0.002  0  0
376  revers  2  0.004  0  0.002  0  0.002  0  0
377  review  6  0.009  0  0.002  0  0.002  0  0
378  rhythm  1  0.002  0  0.002  1  0.005  0  0
379  right  2  0.004  0  0.002  0  0.002  0  0
380  ripple  1  0.002  0  0.002  1  0.005  0  0
381  ruby  5  0.008  0  0.002  0  0.002  0  0
382  rust  5  0.008  0  0.002  0  0.002  0  0
383  safest  3  0.005  0  0.002  0  0.002  0  0
384  san  2  0.004  0  0.002  0  0.002  0  0
385  say  3  0.005  0  0.002  0  0.002  0  0
386  science  3  0.005  1  0.005  0  0.002  0  0
387  scientist  2  0.004  0  0.002  0  0.002  0  0
388  serverless  4  0.006  0  0.002  0  0.002  0  0
389  service  2  0.004  0  0.002  0  0.002  0  0
390  shareholder  2  0.004  0  0.002  0  0.002  0  0
391  should  2  0.004  1  0.005  0  0.002  0  0
392  show  3  0.005  0  0.002  28  0.102  0  0
393  side  2  0.004  1  0.005  0  0.002  0  0
394  significantly  2  0.004  0  0.002  0  0.002  0  0
395  silicon  2  0.004  0  0.002  0  0.002  0  0
396  simple  3  0.005  0  0.002  2  0.009  0  0
397  site  3  0.005  1  0.005  0  0.002  0  0
398  skill  2  0.004  0  0.002  0  0.002  0  0
399  small  1  0.002  0  0.002  1  0.005  0  0
400  so  1  0.002  1  0.005  0  0.002  0  0
401  social  3  0.005  0  0.002  0  0.002  0  0
402  software  4  0.006  1  0.005  0  0.002  0  0
403  solution  2  0.004  1  0.005  0  0.002  0  0
404  some  4  0.006  1  0.005  0  0.002  0  0
405  source  2  0.004  0  0.002  1  0.005  0  0
406  space  3  0.005  0  0.002  0  0.002  0  0
407  speech  2  0.004  0  0.002  0  0.002  0  0
408  speed  3  0.005  0  0.002  0  0.002  0  0
409  stack  1  0.002  1  0.005  0  0.002  0  0
410  star  2  0.004  0  0.002  0  0.002  0  0
411  start  3  0.005  1  0.005  0  0.002  0  0
412  startup  3  0.005  0  0.002  0  0.002  0  0
413  state  3  0.005  0  0.002  0  0.002  0  0
414  still  2  0.004  0  0.002  0  0.002  0  0
415  stop  3  0.005  0  0.002  0  0.002  0  0
416  stopped  2  0.004  0  0.002  0  0.002  0  0
417  store  2  0.004  0  0.002  0  0.002  0  0
418  story  5  0.008  0  0.002  1  0.005  0  0
419  strategy  2  0.004  0  0.002  0  0.002  0  0
420  style  2  0.004  0  0.002  0  0.002  0  0
421  supermassive  2  0.004  0  0.002  0  0.002  0  0
422  support  2  0.004  0  0.002  0  0.002  0  0
423  sync  2  0.004  0  0.002  0  0.002  0  0
424  system  3  0.005  0  0.002  0  0.002  0  0
425  table  4  0.006  0  0.002  0  0.002  0  0
426  take  4  0.006  0  0.002  0  0.002  0  0
427  target  2  0.004  0  0.002  0  0.002  0  0
428  task  1  0.002  0  0.002  1  0.005  0  0
429  teach  3  0.005  1  0.005  0  0.002  0  0
430  tech  6  0.009  1  0.005  0  0.002  0  0
431  technique  3  0.005  0  0.002  0  0.002  0  0
432  technology  2  0.004  0  0.002  0  0.002  0  0
433  tell  2  0.004  0  0.002  0  0.002  0  0
434  template  1  0.002  1  0.005  0  0.002  0  0
435  term  2  0.004  0  0.002  0  0.002  0  0
436  test  4  0.006  0  0.002  0  0.002  0  0
437  testing  2  0.004  0  0.002  0  0.002  0  0
438  text  2  0.004  0  0.002  0  0.002  0  0
439  than  3  0.005  0  0.002  0  0.002  0  0
440  that  4  0.006  2  0.008  0  0.002  0  0
441  the  126  0.179  2  0.008  3  0.013  0  0
442  their  3  0.005  0  0.002  0  0.002  0  0
443  them  1  0.002  1  0.005  0  0.002  0  0
444  theory  2  0.004  0  0.002  0  0.002  0  0
445  there  2  0.004  3  0.012  0  0.002  0  0
446  they  3  0.005  0  0.002  0  0.002  0  0
447  think  2  0.004  0  0.002  0  0.002  0  0
448  this  7  0.011  0  0.002  0  0.002  0  0
449  thought  2  0.004  0  0.002  0  0.002  0  0
450  time  6  0.009  1  0.005  1  0.005  0  0
451  tiny  2  0.004  0  0.002  0  0.002  0  0
452  to  91  0.13  14  0.048  3  0.013  0  0
453  token  2  0.004  0  0.002  0  0.002  0  0
454  too  3  0.005  0  0.002  0  0.002  0  0
455  tool  4  0.006  0  0.002  0  0.002  0  0
456  top  4  0.006  0  0.002  0  0.002  0  0
457  track  2  0.004  0  0.002  0  0.002  0  0
458  travel  2  0.004  1  0.005  0  0.002  0  0
459  trend  1  0.002  1  0.005  1  0.005  0  0
460  truth  2  0.004  0  0.002  0  0.002  0  0
461  twitter  3  0.005  0  0.002  0  0.002  0  0
462  u  5  0.008  0  0.002  0  0.002  0  0
463  under  2  0.004  0  0.002  0  0.002  0  0
464  understand  2  0.004  0  0.002  0  0.002  0  0
465  up  2  0.004  0  0.002  0  0.002  0  0
466  use  2  0.004  0  0.002  0  0.002  0  0
467  user  3  0.005  0  0.002  0  0.002  0  0
468  username  2  0.004  0  0.002  0  0.002  0  0
469  using  8  0.012  1  0.005  0  0.002  0  0
470  v  5  0.008  0  0.002  1  0.005  0  0
471  vac  2  0.004  0  0.002  0  0.002  0  0
472  valley  2  0.004  1  0.005  0  0.002  0  0
473  verge  2  0.004  0  0.002  0  0.002  0  0
474  version  2  0.004  1  0.005  1  0.005  0  0
475  video  4  0.006  0  0.002  1  0.005  0  0
476  vim  2  0.004  0  0.002  0  0.002  0  0
477  vote  5  0.008  0  0.002  0  0.002  0  0
478  vuejs  2  0.004  0  0.002  0  0.002  0  0
479  wa  5  0.008  1  0.005  0  0.002  0  0
480  want  2  0.004  2  0.008  0  0.002  0  0
481  war  3  0.005  0  0.002  0  0.002  0  0
482  wasm  2  0.004  0  0.002  0  0.002  0  0
483  watch  1  0.002  1  0.005  0  0.002  0  0
484  way  3  0.005  0  0.002  0  0.002  0  0
485  we  8  0.012  0  0.002  0  0.002  0  0
486  web  3  0.005  1  0.005  1  0.005  0  0
487  webassembly  2  0.004  0  0.002  0  0.002  0  0
488  week  3  0.005  0  0.002  0  0.002  0  0
489  were  2  0.004  0  0.002  0  0.002  0  0
490  what  18  0.026  19  0.065  0  0.002  0  0
491  whats  2  0.004  1  0.005  0  0.002  0  0
492  when  3  0.005  0  0.002  0  0.002  0  0
493  which  1  0.002  1  0.005  0  0.002  0  0
494  who  1  0.002  0  0.002  1  0.005  0  0
495  why  14  0.021  2  0.008  0  0.002  0  0
496  wild  2  0.004  0  0.002  0  0.002  0  0
497  will  8  0.012  1  0.005  0  0.002  0  0
498  with  30  0.043  1  0.005  2  0.009  0  0
499  without  3  0.005  1  0.005  0  0.002  0  0
500  work  4  0.006  1  0.005  1  0.005  0  0
501  working  3  0.005  0  0.002  0  0.002  0  0
502  world  5  0.008  0  0.002  0  0.002  0  0
503  would  1  0.002  2  0.008  0  0.002  0  0
504  write  3  0.005  0  0.002  0  0.002  0  0
505  writing  3  0.005  0  0.002  0  0.002  0  0
506  written  2  0.004  0  0.002  0  0.002  0  0
507  year  25  0.036  3  0.012  0  0.002  0  0
508  you  19  0.028  16  0.055  0  0.002  0  0
509  your  16  0.023  7  0.025  2  0.009  0  0
510  youre  2  0.004  0  0.002  0  0.002  0  0
511  youtube  1  0.002  1  0.005  0  0.002  0  0
512  ûïflying  2  0.004  0  0.002  0  0.002  0  0
513  ûò  32  0.046  0  0.002  13  0.048  0  0
